ts heap stack kmem
228232701 598 384 262144
228234361 1398 384 262144
228236368 1398 352 262144
228243242 1398 352 266240
228245529 1049974 352 266240
228246305 1049974 320 266240
228307839 1049974 320 270336
228309915 1049974 320 274432
228311236 2098550 320 274432
228312029 2098550 320 274432
228368802 2098550 320 278528
228370149 3147126 320 278528
228370799 3147126 320 278528
228427007 3147126 320 282624
228428131 3147126 320 286720
228429324 4195702 320 286720
228429955 4195702 320 286720
228486015 4195702 320 290816
228487367 5244278 320 290816
228487979 5244278 320 290816
228543864 5244278 320 294912
228544945 5244278 320 299008
228546134 6292854 320 299008
228546740 6292854 320 299008
228602948 6292854 320 303104
228604297 7341430 320 303104
228604970 7341430 320 303104
228661000 7341430 320 307200
228662031 7341430 320 311296
228664973 8390006 320 311296
228665623 8390006 320 311296
228721784 8390006 320 315392
228723160 9438582 320 315392
228723816 9438582 320 315392
228780414 9438582 320 319488
228781887 9438582 320 323584
228783090 10487158 320 323584
228783780 10487158 320 323584
228805594 10487158 320 327680
228809852 10487158 320 327680
228814467 10487158 320 331776
228831135 10487158 320 335872
228840223 10487158 320 339968
228840936 10487158 320 344064
228841212 10487158 320 348160
228842366 11535734 320 348160
228843017 11535734 320 348160
228846496 11535734 320 348160
228858061 11535734 320 348160
228871784 11535734 320 348160
228883005 11535734 320 352256
228883322 11535734 320 352256
228885063 12584310 320 352256
228886102 12584310 320 352256
228890096 12584310 320 352256
228900436 12584310 320 352256
228910776 12584310 320 352256
228921226 12584310 320 352256
228927540 12584310 320 352256
228933977 12584310 320 352256
228940594 12584310 320 352256
228942212 12584310 320 352256
228944044 12584310 320 356352
228945161 12584310 320 360448
228946521 13632886 320 360448
228947334 13632886 320 360448
229004011 13632886 320 364544
229005354 14681462 320 364544
229006025 14681462 320 364544
229067229 14681462 320 368640
229068624 14681462 320 372736
229070516 15730038 320 372736
229071569 15730038 320 372736
229130092 15730038 320 376832
229132645 16778614 320 376832
229133318 16778614 320 376832
229190235 16778614 320 380928
229191215 16778614 320 385024
229192401 17827190 320 385024
229193017 17827190 320 385024
229249640 17827190 320 389120
229251000 18875766 320 389120
229251605 18875766 320 389120
229310881 18875766 320 393216
229312298 18875766 320 397312
229314011 19924342 320 397312
229314896 19924342 320 397312
229375567 19924342 320 401408
229377695 20972918 320 401408
229378657 20972918 320 401408
229438411 20972918 320 405504
229439928 20972918 320 409600
229441683 22021494 320 409600
229442593 22021494 320 409600
229502864 22021494 320 413696
229504929 23070070 320 413696
229505832 23070070 320 413696
229565640 23070070 320 417792
229568688 23070070 320 421888
229570456 24118646 320 421888
229571373 24118646 320 421888
229631696 24118646 320 425984
229633741 25167222 320 425984
229634676 25167222 320 425984
229694427 25167222 320 430080
229695925 25167222 320 434176
229697650 26215798 320 434176
229698570 26215798 320 434176
229758464 26215798 320 438272
229760591 27264374 320 438272
229761526 27264374 320 438272
229821120 27264374 320 442368
229822587 27264374 320 446464
229824302 28312950 320 446464
229825222 28312950 320 446464
229886963 28312950 320 450560
229889145 29361526 320 450560
229890118 29361526 320 450560
229949784 29361526 320 454656
229951267 29361526 320 458752
229953054 30410102 320 458752
229953959 30410102 320 458752
230013806 30410102 320 462848
230016973 31458678 320 462848
230017903 31458678 320 462848
230077531 31458678 320 466944
230079104 31458678 320 471040
230080859 32507254 320 471040
230081776 32507254 320 471040
230141597 32507254 320 475136
230143650 33555830 320 475136
230144570 33555830 320 475136
230204341 33555830 320 479232
230205858 33555830 320 483328
230207551 34604406 320 483328
230208478 34604406 320 483328
230268325 34604406 320 487424
230270360 35652982 320 487424
230271252 35652982 320 487424
230330839 35652982 320 491520
230332396 35652982 320 495616
230334166 36701558 320 495616
230335079 36701558 320 495616
230394864 36701558 320 499712
230397264 37750134 320 499712
230398184 37750134 320 499712
230457800 37750134 320 503808
230459376 37750134 320 507904
230461163 38798710 320 507904
230462066 38798710 320 507904
230522109 38798710 320 512000
230524214 39847286 320 512000
230525117 39847286 320 512000
230584593 39847286 320 516096
230586133 39847286 320 520192
230587918 40895862 320 520192
230588825 40895862 320 520192
230648629 40895862 320 524288
230650652 41944438 320 524288
230651569 41944438 320 524288
230711187 41944438 320 528384
230712645 41944438 320 532480
230714455 42993014 320 532480
230715380 42993014 320 532480
230775216 42993014 320 536576
230777241 44041590 320 536576
230778159 44041590 320 536576
230837752 44041590 320 540672
230839200 44041590 320 544768
230840957 45090166 320 544768
230841842 45090166 320 544768
230902373 45090166 320 548864
230905556 46138742 320 548864
230906506 46138742 320 548864
230965545 46138742 320 552960
230967019 46138742 320 557056
230968799 47187318 320 557056
230969747 47187318 320 557056
231028608 47187318 320 561152
231030600 48235894 320 561152
231031518 48235894 320 561152
231090292 48235894 320 565248
231091702 48235894 320 569344
231093436 49284470 320 569344
231094332 49284470 320 569344
231153307 49284470 320 573440
231155295 50333046 320 573440
231156190 50333046 320 573440
231214954 50333046 320 577536
231216386 50333046 320 581632
231218129 51381622 320 581632
231219034 51381622 320 581632
231280212 51381622 320 585728
231281678 51381622 320 589824
231283455 52430198 320 589824
231284400 52430198 320 589824
231343486 52430198 320 593920
231345523 53478774 320 593920
231346483 53478774 320 593920
231405367 53478774 320 598016
231406787 53478774 320 602112
231408495 54527350 320 602112
231409415 54527350 320 602112
231468468 54527350 320 606208
231470478 55575926 320 606208
231471398 55575926 320 606208
231530119 55575926 320 610304
231533929 55575926 320 614400
231535667 56624502 320 614400
231536564 56624502 320 614400
231595473 56624502 320 618496
231597438 57673078 320 618496
231598328 57673078 320 618496
231656946 57673078 320 622592
231658342 57673078 320 626688
231660062 58721654 320 626688
231660959 58721654 320 626688
231719730 58721654 320 630784
231721693 59770230 320 630784
231722595 59770230 320 630784
231781294 59770230 320 634880
231782721 59770230 320 638976
231785571 60818806 320 638976
231786501 60818806 320 638976
231845562 60818806 320 643072
231847547 61867382 320 643072
231848452 61867382 320 643072
231890134 61867382 320 647168
231891185 61867382 320 651264
231892537 62915958 320 651264
231893278 62915958 320 651264
231953645 62915958 320 655360
231955747 63964534 320 655360
231956730 63964534 320 655360
232016444 63964534 320 659456
232017978 63964534 320 663552
232019771 65013110 320 663552
232020746 65013110 320 663552
232080372 65013110 320 667648
232082384 66061686 320 667648
232083304 66061686 320 667648
232143008 66061686 320 671744
232144413 66061686 320 675840
232146178 67110262 320 675840
232147093 67110262 320 675840
232206812 67110262 320 679936
232208817 68158838 320 679936
232209737 68158838 320 679936
232269313 68158838 320 684032
232270703 68158838 320 688128
232272683 69207414 320 688128
232273600 69207414 320 688128
232333139 69207414 320 692224
232335179 70255990 320 692224
232336101 70255990 320 692224
232395757 70255990 320 696320
232397810 70255990 320 700416
232399590 71304566 320 700416
232400527 71304566 320 700416
232460354 71304566 320 704512
232462374 72353142 320 704512
232463274 72353142 320 704512
232522992 72353142 320 708608
232524460 72353142 320 712704
232526242 73401718 320 712704
232527150 73401718 320 712704
232587003 73401718 320 716800
232589028 74450294 320 716800
232589945 74450294 320 716800
232649387 74450294 320 720896
232650857 74450294 320 724992
232653949 75498870 320 724992
232654894 75498870 320 724992
232714713 75498870 320 729088
232716710 76547446 320 729088
232717638 76547446 320 729088
232777217 76547446 320 733184
232778727 76547446 320 737280
232780501 77596022 320 737280
232781449 77596022 320 737280
232841143 77596022 320 741376
232843197 78644598 320 741376
232844105 78644598 320 741376
232904536 78644598 320 745472
232905968 78644598 320 749568
232907841 79693174 320 749568
232908776 79693174 320 749568
232968562 79693174 320 753664
232970575 80741750 320 753664
232971567 80741750 320 753664
233031171 80741750 320 757760
233032503 80741750 320 761856
233034249 81790326 320 761856
233035156 81790326 320 761856
233094682 81790326 320 765952
233096674 82838902 320 765952
233097589 82838902 320 765952
233157163 82838902 320 770048
233158638 82838902 320 774144
233160416 83887478 320 774144
233161330 83887478 320 774144
233221039 83887478 320 778240
233223051 84936054 320 778240
233223967 84936054 320 778240
233280483 84936054 320 782336
233281524 84936054 320 786432
233282694 85984630 320 786432
233283310 85984630 320 786432
233342689 85984630 320 790528
233344684 87033206 320 790528
233345582 87033206 320 790528
233404857 87033206 320 794624
233406330 87033206 320 798720
233408045 88081782 320 798720
233408953 88081782 320 798720
233468349 88081782 320 802816
233470321 89130358 320 802816
233471246 89130358 320 802816
233530752 89130358 320 806912
233532207 89130358 320 811008
233535097 90178934 320 811008
233536027 90178934 320 811008
233596001 90178934 320 815104
233598058 91227510 320 815104
233598973 91227510 320 815104
233660212 91227510 320 819200
233661725 91227510 320 823296
233663542 92276086 320 823296
233664475 92276086 320 823296
233724260 92276086 320 827392
233726290 93324662 320 827392
233727223 93324662 320 827392
233786807 93324662 320 831488
233788252 93324662 320 835584
233790064 94373238 320 835584
233790994 94373238 320 835584
233851000 94373238 320 839680
233853040 95421814 320 839680
233853973 95421814 320 839680
233914556 95421814 320 843776
233916014 95421814 320 847872
233919924 96470390 320 847872
233948493 96470390 320 851968
233955905 96470390 320 851968
234016774 96470390 320 856064
234019117 97518966 320 856064
234020101 97518966 320 856064
234079748 97518966 320 860160
234083045 97518966 320 864256
234084898 98567542 320 864256
234085870 98567542 320 864256
234145896 98567542 320 868352
234147934 99616118 320 868352
234148814 99616118 320 868352
234208253 99616118 320 872448
234209747 99616118 320 876544
234211527 100664694 320 876544
234212439 100664694 320 876544
234271938 100664694 320 880640
234274041 101713270 320 880640
234274968 101713270 320 880640
234338404 101713270 320 884736
234339786 101713270 320 888832
234343143 101713270 320 892928
234346592 102761846 320 892928
234350974 102761846 320 897024
234369540 102761846 320 897024
234432370 102761846 320 901120
234434742 103810422 320 901120
234435880 103810422 320 901120
234495301 103810422 320 905216
234496641 103810422 320 909312
234498688 104858998 320 909312
234499656 104858998 320 909312
234557997 103810422 320 909312
234573341 103810422 320 905216
234576507 103810422 320 905216
234644948 102761846 320 905216
234651217 102761846 320 901120
234652775 102761846 320 901120
234709021 101713270 320 901120
234713661 101713270 320 897024
234715041 101713270 320 897024
234770970 100664694 320 897024
234775895 100664694 320 892928
234776672 100664694 320 888832
234778947 100664694 320 888832
234835321 99616118 320 888832
234839451 99616118 320 884736
234840763 99616118 320 884736
234879452 98567542 320 884736
234882947 98567542 320 880640
234883572 98567542 320 876544
234885037 98567542 320 876544
234982475 97518966 320 876544
234990992 97518966 320 880640
235022104 97518966 320 876544
235025677 97518966 320 876544
235088270 96470390 320 876544
235095688 96470390 320 872448
235099007 96470390 320 872448
235156334 95421814 320 872448
235160708 95421814 320 868352
235163046 95421814 320 868352
235220215 94373238 320 868352
235225397 94373238 320 868352
235281946 93324662 320 868352
235286693 93324662 320 868352
235343220 92276086 320 868352
235347384 92276086 320 868352
235403703 91227510 320 868352
235408101 91227510 320 864256
235410473 91227510 320 864256
235467205 90178934 320 864256
235471477 90178934 320 864256
235527810 89130358 320 864256
235532450 89130358 320 860160
235533285 89130358 320 856064
235535240 89130358 320 856064
235592166 88081782 320 856064
235596409 88081782 320 851968
235597669 88081782 320 851968
235654187 87033206 320 851968
235658550 87033206 320 847872
235659230 87033206 320 843776
235661263 87033206 320 843776
235718344 85984630 320 843776
235722446 85984630 320 839680
235723699 85984630 320 839680
235780282 84936054 320 839680
235784634 84936054 320 835584
235785312 84936054 320 831488
235787194 84936054 320 831488
235843928 83887478 320 831488
235848073 83887478 320 827392
235849323 83887478 320 827392
235907985 82838902 320 827392
235912479 82838902 320 823296
235913172 82838902 320 819200
235915197 82838902 320 819200
235972143 81790326 320 819200
235976213 81790326 320 815104
235977465 81790326 320 815104
236033909 80741750 320 815104
236038329 80741750 320 811008
236039006 80741750 320 806912
236040929 80741750 320 806912
236097663 79693174 320 806912
236101745 79693174 320 802816
236102990 79693174 320 802816
236159379 78644598 320 802816
236163631 78644598 320 798720
236164311 78644598 320 794624
236166224 78644598 320 794624
236223042 77596022 320 794624
236227155 77596022 320 790528
236233220 77596022 320 790528
236289723 76547446 320 790528
236294061 76547446 320 786432
236294733 76547446 320 782336
236296703 76547446 320 782336
236353467 75498870 320 782336
236357615 75498870 320 778240
236358909 75498870 320 778240
236415473 74450294 320 778240
236419690 74450294 320 774144
236420390 74450294 320 770048
236422303 74450294 320 770048
236479017 73401718 320 770048
236483119 73401718 320 765952
236484399 73401718 320 765952
236540845 72353142 320 765952
236545205 72353142 320 761856
236545901 72353142 320 757760
236547805 72353142 320 757760
236604504 71304566 320 757760
236608526 71304566 320 753664
236609776 71304566 320 753664
236666230 70255990 320 753664
236670515 70255990 320 749568
236671208 70255990 320 745472
236673120 70255990 320 745472
236729781 69207414 320 745472
236733753 69207414 320 741376
236735066 69207414 320 741376
236791602 68158838 320 741376
236795830 68158838 320 737280
236796530 68158838 320 733184
236798460 68158838 320 733184
236853323 67110262 320 733184
236856039 67110262 320 729088
236856883 67110262 320 729088
236913752 66061686 320 729088
236918089 66061686 320 724992
236918785 66061686 320 720896
236920779 66061686 320 720896
236977113 65013110 320 720896
236981136 65013110 320 716800
236982403 65013110 320 716800
237038417 63964534 320 716800
237042594 63964534 320 712704
237043274 63964534 320 708608
237045232 63964534 320 708608
237101593 62915958 320 708608
237105500 62915958 320 704512
237106795 62915958 320 704512
237162737 61867382 320 704512
237166919 61867382 320 700416
237167581 61867382 320 696320
237169549 61867382 320 696320
237225708 60818806 320 696320
237229618 60818806 320 692224
237230862 60818806 320 692224
237286724 59770230 320 692224
237290864 59770230 320 688128
237291524 59770230 320 684032
237293469 59770230 320 684032
237343603 58721654 320 684032
237347790 58721654 320 679936
237349095 58721654 320 679936
237405863 57673078 320 679936
237408784 57673078 320 675840
237409217 57673078 320 671744
237410515 57673078 320 671744
237464766 56624502 320 671744
237467550 56624502 320 667648
237468428 56624502 320 667648
237526041 55575926 320 667648
237530259 55575926 320 663552
237535466 55575926 320 659456
237537456 55575926 320 659456
237593734 54527350 320 659456
237597824 54527350 320 655360
237599102 54527350 320 655360
237655001 53478774 320 655360
237659258 53478774 320 651264
237659893 53478774 320 647168
237661808 53478774 320 647168
237717875 52430198 320 647168
237722604 52430198 320 643072
237723262 52430198 320 638976
237724254 52430198 320 638976
237780208 51381622 320 638976
237784260 51381622 320 634880
237785580 51381622 320 634880
237841547 50333046 320 634880
237846334 50333046 320 630784
237846966 50333046 320 626688
237848359 50333046 320 626688
237884831 49284470 320 626688
237889653 49284470 320 622592
237891141 49284470 320 622592
237956689 48235894 320 622592
237962031 48235894 320 618496
237962724 48235894 320 614400
237963871 48235894 320 614400
238020340 47187318 320 614400
238024460 47187318 320 610304
238025738 47187318 320 610304
238082046 46138742 320 610304
238087449 46138742 320 606208
238088101 46138742 320 602112
238089226 46138742 320 602112
238145932 45090166 320 602112
238150075 45090166 320 598016
238151342 45090166 320 598016
238207576 44041590 320 598016
238213478 44041590 320 593920
238214148 44041590 320 589824
238215313 44041590 320 589824
238273872 42993014 320 589824
238278049 42993014 320 585728
238279317 42993014 320 585728
238335620 41944438 320 585728
238339675 41944438 320 581632
238340220 41944438 320 577536
238341013 41944438 320 577536
238396611 40895862 320 577536
238400265 40895862 320 573440
238401250 40895862 320 573440
238455738 39847286 320 573440
238460182 39847286 320 569344
238460661 39847286 320 565248
238461471 39847286 320 565248
238515894 38798710 320 565248
238518799 38798710 320 561152
238519611 38798710 320 561152
238573978 37750134 320 561152
238578462 37750134 320 557056
238578907 37750134 320 552960
238579689 37750134 320 552960
238634154 36701558 320 552960
238637038 36701558 320 548864
238637861 36701558 320 548864
238692215 35652982 320 548864
238696812 35652982 320 544768
238697255 35652982 320 540672
238698055 35652982 320 540672
238752534 34604406 320 540672
238755198 34604406 320 536576
238759177 34604406 320 536576
238813573 33555830 320 536576
238818461 33555830 320 532480
238818913 33555830 320 528384
238819756 33555830 320 528384
238874584 32507254 320 528384
238877256 32507254 320 524288
238878111 32507254 320 524288
238932562 31458678 320 524288
238937794 31458678 320 520192
238938259 31458678 320 516096
238939178 31458678 320 516096
239014517 30410102 320 516096
239024017 30410102 320 512000
239026186 30410102 320 512000
239084068 29361526 320 512000
239091511 29361526 320 507904
239092175 29361526 320 503808
239093152 29361526 320 503808
239172227 28312950 320 503808
239175486 28312950 320 499712
239176538 28312950 320 499712
239231773 27264374 320 499712
239238262 27264374 320 495616
239238778 27264374 320 491520
239239828 27264374 320 491520
239295239 26215798 320 491520
239298336 26215798 320 487424
239299324 26215798 320 487424
239354365 25167222 320 487424
239360749 25167222 320 483328
239361255 25167222 320 479232
239362319 25167222 320 479232
239417551 24118646 320 479232
239420591 24118646 320 475136
239421578 24118646 320 475136
239476625 23070070 320 475136
239483227 23070070 320 471040
239483736 23070070 320 466944
239484815 23070070 320 466944
239540056 22021494 320 466944
239543181 22021494 320 462848
239544160 22021494 320 462848
239599465 20972918 320 462848
239606312 20972918 320 458752
239606816 20972918 320 454656
239607926 20972918 320 454656
239663142 19924342 320 454656
239666112 19924342 320 450560
239667109 19924342 320 450560
239722163 18875766 320 450560
239725304 18875766 320 446464
239725824 18875766 320 442368
239727652 18875766 320 442368
239782966 17827190 320 442368
239785950 17827190 320 438272
239786990 17827190 320 438272
239842070 16778614 320 438272
239845204 16778614 320 434176
239845714 16778614 320 430080
239847220 16778614 320 430080
239902763 15730038 320 430080
239905824 15730038 320 425984
239906841 15730038 320 425984
239963365 14681462 320 425984
239967689 14681462 320 421888
239968352 14681462 320 417792
239970302 14681462 320 417792
240027213 13632886 320 417792
240031215 13632886 320 413696
240032483 13632886 320 413696
240088984 12584310 320 413696
240093166 12584310 320 409600
240093852 12584310 320 405504
240095762 12584310 320 405504
240152650 11535734 320 405504
240156673 11535734 320 401408
240157970 11535734 320 401408
240214674 10487158 320 401408
240218861 10487158 320 397312
240219516 10487158 320 393216
240221534 10487158 320 393216
240278500 9438582 320 393216
240282488 9438582 320 389120
240283770 9438582 320 389120
240340536 8390006 320 389120
240344801 8390006 320 385024
240345453 8390006 320 380928
240347411 8390006 320 380928
240404512 7341430 320 380928
240408529 7341430 320 376832
240409795 7341430 320 376832
240466446 6292854 320 376832
240470598 6292854 320 372736
240471250 6292854 320 368640
240473208 6292854 320 368640
240530129 5244278 320 368640
240534019 5244278 320 364544
240535299 5244278 320 364544
240591935 4195702 320 364544
240596093 4195702 320 360448
240596748 4195702 320 356352
240598698 4195702 320 356352
240655596 3147126 320 356352
240659559 3147126 320 352256
240660866 3147126 320 352256
240717480 2098550 320 352256
240721603 2098550 320 348160
240722255 2098550 320 344064
240724210 2098550 320 344064
240781199 1049974 320 344064
240785273 1049974 320 339968
240786573 1049974 320 339968
240843265 1398 320 339968
240848182 1398 320 335872
240848855 1398 320 331776
240849507 1398 320 327680
240853337 1398 320 327680
240908823 1398 352 327680
240914223 1398 352 331776
240915946 1049974 352 331776
240916531 1049974 320 331776
240976509 1049974 320 335872
240978682 1049974 320 339968
240980484 2098550 320 339968
240981542 2098550 320 339968
241041118 2098550 320 344064
241043165 3147126 320 344064
241044121 3147126 320 344064
241102774 3147126 320 348160
241104136 3147126 320 352256
241105854 4195702 320 352256
241106794 4195702 320 352256
241165845 4195702 320 356352
241167803 5244278 320 356352
241168733 5244278 320 356352
241227544 5244278 320 360448
241228879 5244278 320 364544
241230596 6292854 320 364544
241231519 6292854 320 364544
241290400 6292854 320 368640
241292310 7341430 320 368640
241293205 7341430 320 368640
241351786 7341430 320 372736
241353094 7341430 320 376832
241354784 8390006 320 376832
241355674 8390006 320 376832
241414379 8390006 320 380928
241416299 9438582 320 380928
241417225 9438582 320 380928
241477078 9438582 320 385024
241479033 10487158 320 385024
241479941 10487158 320 385024
241538634 10487158 320 389120
241539957 10487158 320 393216
241541640 11535734 320 393216
241542530 11535734 320 393216
241605802 11535734 320 397312
241608116 12584310 320 397312
241609251 12584310 320 397312
241667055 12584310 320 401408
241668153 12584310 320 405504
241669403 13632886 320 405504
241670101 13632886 320 405504
241729835 13632886 320 409600
241731795 14681462 320 409600
241732780 14681462 320 409600
241792446 14681462 320 413696
241793856 14681462 320 417792
241795546 15730038 320 417792
241796521 15730038 320 417792
241856437 15730038 320 421888
241858415 16778614 320 421888
241859375 16778614 320 421888
241917812 16778614 320 425984
241918984 16778614 320 430080
241920443 17827190 320 430080
241921248 17827190 320 430080
241980632 17827190 320 434176
241982550 18875766 320 434176
241983494 18875766 320 434176
242042821 18875766 320 438272
242044135 18875766 320 442368
242045818 19924342 320 442368
242046748 19924342 320 442368
242106332 19924342 320 446464
242108244 20972918 320 446464
242109164 20972918 320 446464
242168570 20972918 320 450560
242169963 20972918 320 454656
242171658 22021494 320 454656
242172573 22021494 320 454656
242232847 22021494 320 458752
242234781 23070070 320 458752
242235744 23070070 320 458752
242295190 23070070 320 462848
242296605 23070070 320 466944
242298293 24118646 320 466944
242299227 24118646 320 466944
242358931 24118646 320 471040
242360858 25167222 320 471040
242361796 25167222 320 471040
242421132 25167222 320 475136
242422527 25167222 320 479232
242424217 26215798 320 479232
242425195 26215798 320 479232
242484846 26215798 320 483328
242488268 27264374 320 483328
242489208 27264374 320 483328
242548852 27264374 320 487424
242550264 27264374 320 491520
242552092 28312950 320 491520
242553037 28312950 320 491520
242612893 28312950 320 495616
242614920 29361526 320 495616
242615883 29361526 320 495616
242675539 29361526 320 499712
242676917 29361526 320 503808
242678649 30410102 320 503808
242679609 30410102 320 503808
242739150 30410102 320 507904
242741128 31458678 320 507904
242742055 31458678 320 507904
242801456 31458678 320 512000
242802864 31458678 320 516096
242804576 32507254 320 516096
242805494 32507254 320 516096
242865147 32507254 320 520192
242874560 33555830 320 520192
242875632 33555830 320 520192
242935729 33555830 320 524288
242937131 33555830 320 528384
242938939 34604406 320 528384
242939991 34604406 320 528384
242999960 34604406 320 532480
243001949 35652982 320 532480
243002899 35652982 320 532480
243062286 35652982 320 536576
243063618 35652982 320 540672
243065338 36701558 320 540672
243066266 36701558 320 540672
243125867 36701558 320 544768
243127804 37750134 320 544768
243128749 37750134 320 544768
243188345 37750134 320 548864
243189695 37750134 320 552960
243191423 38798710 320 552960
243192368 38798710 320 552960
243252106 38798710 320 557056
243254054 39847286 320 557056
243255002 39847286 320 557056
243314305 39847286 320 561152
243315667 39847286 320 565248
243317342 40895862 320 565248
243318295 40895862 320 565248
243377604 40895862 320 569344
243380663 41944438 320 569344
243381616 41944438 320 569344
243441160 41944438 320 573440
243442534 41944438 320 577536
243444254 42993014 320 577536
243445247 42993014 320 577536
243504728 42993014 320 581632
243506658 44041590 320 581632
243507583 44041590 320 581632
243566865 44041590 320 585728
243571232 44041590 320 589824
243572917 45090166 320 589824
243573864 45090166 320 589824
243633520 45090166 320 593920
243635490 46138742 320 593920
243636403 46138742 320 593920
243695906 46138742 320 598016
243697266 46138742 320 602112
243698946 47187318 320 602112
243699884 47187318 320 602112
243759637 47187318 320 606208
243761593 48235894 320 606208
243762543 48235894 320 606208
243821969 48235894 320 610304
243823314 48235894 320 614400
243825021 49284470 320 614400
243825971 49284470 320 614400
243882817 49284470 320 618496
243884163 50333046 320 618496
243884767 50333046 320 618496
243943893 50333046 320 622592
243945259 50333046 320 626688
243946951 51381622 320 626688
243947931 51381622 320 626688
244007297 51381622 320 630784
244008655 51381622 320 634880
244010329 52430198 320 634880
244011259 52430198 320 634880
244070856 52430198 320 638976
244072786 53478774 320 638976
244073730 53478774 320 638976
244133072 53478774 320 643072
244134457 53478774 320 647168
244136392 54527350 320 647168
244137352 54527350 320 647168
244197093 54527350 320 651264
244199125 55575926 320 651264
244200098 55575926 320 651264
244259652 55575926 320 655360
244261034 55575926 320 659456
244263894 56624502 320 659456
244264851 56624502 320 659456
244324842 56624502 320 663552
244326822 57673078 320 663552
244327750 57673078 320 663552
244387293 57673078 320 667648
244388696 57673078 320 671744
244390409 58721654 320 671744
244391386 58721654 320 671744
244451145 58721654 320 675840
244453082 59770230 320 675840
244454040 59770230 320 675840
244513471 59770230 320 679936
244514861 59770230 320 684032
244516561 60818806 320 684032
244517516 60818806 320 684032
244577174 60818806 320 688128
244579117 61867382 320 688128
244580054 61867382 320 688128
244639398 61867382 320 692224
244640818 61867382 320 696320
244642508 62915958 320 696320
244643421 62915958 320 696320
244700941 62915958 320 700416
244702448 63964534 320 700416
244703192 63964534 320 700416
244760507 63964534 320 704512
244761585 63964534 320 708608
244762923 65013110 320 708608
244763646 65013110 320 708608
244821165 65013110 320 712704
244822647 66061686 320 712704
244823365 66061686 320 712704
244881418 66061686 320 716800
244882496 66061686 320 720896
244883871 67110262 320 720896
244884589 67110262 320 720896
244942228 67110262 320 724992
244943719 68158838 320 724992
244944457 68158838 320 724992
245001877 68158838 320 729088
245002961 68158838 320 733184
245004265 69207414 320 733184
245004981 69207414 320 733184
245062355 69207414 320 737280
245063845 70255990 320 737280
245064565 70255990 320 737280
245121754 70255990 320 741376
245122805 70255990 320 745472
245125017 71304566 320 745472
245125733 71304566 320 745472
245183244 71304566 320 749568
245184761 72353142 320 749568
245185499 72353142 320 749568
245242880 72353142 320 753664
245243951 72353142 320 757760
245245264 73401718 320 757760
245246007 73401718 320 757760
245303481 73401718 320 761856
245304984 74450294 320 761856
245305695 74450294 320 761856
245363012 74450294 320 765952
245364080 74450294 320 770048
245365389 75498870 320 770048
245366116 75498870 320 770048
245424630 75498870 320 774144
245426115 76547446 320 774144
245426863 76547446 320 774144
245484084 76547446 320 778240
245486924 76547446 320 782336
245488254 77596022 320 782336
245488987 77596022 320 782336
245548658 77596022 320 786432
245550638 78644598 320 786432
245551580 78644598 320 786432
245611066 78644598 320 790528
245612569 78644598 320 794624
245614296 79693174 320 794624
245615251 79693174 320 794624
245675082 79693174 320 798720
245677068 80741750 320 798720
245678010 80741750 320 798720
245735352 80741750 320 802816
245736425 80741750 320 806912
245737723 81790326 320 806912
245738425 81790326 320 806912
245795230 81790326 320 811008
245796583 82838902 320 811008
245797226 82838902 320 811008
245853980 82838902 320 815104
245854999 82838902 320 819200
245856193 83887478 320 819200
245856846 83887478 320 819200
245914994 83887478 320 823296
245916554 84936054 320 823296
245917315 84936054 320 823296
245974693 84936054 320 827392
245975742 84936054 320 831488
245977885 85984630 320 831488
245978615 85984630 320 831488
246038262 85984630 320 835584
246040267 87033206 320 835584
246041214 87033206 320 835584
246100781 87033206 320 839680
246102168 87033206 320 843776
246103908 88081782 320 843776
246104838 88081782 320 843776
246164644 88081782 320 847872
246166654 89130358 320 847872
246167599 89130358 320 847872
246227303 89130358 320 851968
246228705 89130358 320 856064
246230465 90178934 320 856064
246231445 90178934 320 856064
246291144 90178934 320 860160
246293101 91227510 320 860160
246294491 91227510 320 860160
246305776 91227510 320 864256
246381277 91227510 320 868352
246382417 91227510 320 872448
246383897 92276086 320 872448
246384741 92276086 320 872448
246442302 92276086 320 876544
246443824 93324662 320 876544
246444524 93324662 320 876544
246501721 93324662 320 880640
246502805 93324662 320 884736
246504146 94373238 320 884736
246504871 94373238 320 884736
246564300 94373238 320 888832
246566275 95421814 320 888832
246567205 95421814 320 888832
246626641 95421814 320 892928
246628019 95421814 320 897024
246629889 96470390 320 897024
246630837 96470390 320 897024
246690808 96470390 320 901120
246692865 97518966 320 901120
246693790 97518966 320 901120
246753181 97518966 320 905216
246754586 97518966 320 909312
246756316 98567542 320 909312
246757261 98567542 320 909312
246816655 98567542 320 913408
246818642 99616118 320 913408
246819587 99616118 320 913408
246879598 99616118 320 917504
246881046 99616118 320 921600
246884023 100664694 320 921600
246884983 100664694 320 921600
246943165 100664694 320 925696
246944829 101713270 320 925696
246945749 101713270 320 925696
247005351 101713270 320 929792
247006803 101713270 320 933888
247008603 102761846 320 933888
247009643 102761846 320 933888
247069424 102761846 320 937984
247071379 103810422 320 937984
247072317 103810422 320 937984
247134278 103810422 320 942080
247135688 103810422 320 946176
247137478 104858998 320 946176
247138430 104858998 320 946176
247195076 103810422 320 946176
247201991 103810422 320 946176
247258585 102761846 320 946176
247263112 102761846 320 946176
247319406 101713270 320 946176
247323516 101713270 320 946176
247379980 100664694 320 946176
247384547 100664694 320 942080
247387290 100664694 320 942080
247444321 99616118 320 942080
247448535 99616118 320 942080
247504787 98567542 320 942080
247508889 98567542 320 937984
247511204 98567542 320 937984
247568043 97518966 320 937984
247572160 97518966 320 937984
247628729 96470390 320 937984
247632744 96470390 320 933888
247635064 96470390 320 933888
247691985 95421814 320 933888
247695950 95421814 320 929792
247698365 95421814 320 929792
247755151 94373238 320 929792
247759806 94373238 320 929792
247816220 93324662 320 929792
247820592 93324662 320 929792
247878053 92276086 320 929792
247882436 92276086 320 925696
247883793 92276086 320 925696
247940354 91227510 320 925696
247944884 91227510 320 921600
247945584 91227510 320 917504
247947547 91227510 320 917504
248004633 90178934 320 917504
248008696 90178934 320 913408
248009940 90178934 320 913408
248066429 89130358 320 913408
248070674 89130358 320 909312
248071334 89130358 320 905216
248073297 89130358 320 905216
248130190 88081782 320 905216
248134230 88081782 320 901120
248135690 88081782 320 901120
248192216 87033206 320 901120
248196392 87033206 320 897024
248197086 87033206 320 892928
248199064 87033206 320 892928
248255810 85984630 320 892928
248259800 85984630 320 888832
248261037 85984630 320 888832
248317526 84936054 320 888832
248321791 84936054 320 884736
248322456 84936054 320 880640
248324429 84936054 320 880640
248381335 83887478 320 880640
248385312 83887478 320 876544
248386585 83887478 320 876544
248441302 82838902 320 876544
248444140 82838902 320 872448
248444582 82838902 320 868352
248445889 82838902 320 868352
248501171 81790326 320 868352
248504209 81790326 320 864256
248505180 81790326 320 864256
248561594 80741750 320 864256
248565778 80741750 320 860160
248566453 80741750 320 856064
248568406 80741750 320 856064
248625199 79693174 320 856064
248629144 79693174 320 851968
248630387 79693174 320 851968
248686968 78644598 320 851968
248691138 78644598 320 847872
248691808 78644598 320 843776
248693798 78644598 320 843776
248750582 77596022 320 843776
248754576 77596022 320 839680
248755892 77596022 320 839680
248812420 76547446 320 839680
248816628 76547446 320 835584
248817298 76547446 320 831488
248819360 76547446 320 831488
248877114 75498870 320 831488
248881186 75498870 320 827392
248882479 75498870 320 827392
248939075 74450294 320 827392
248943282 74450294 320 823296
248943952 74450294 320 819200
248945960 74450294 320 819200
249002846 73401718 320 819200
249006816 73401718 320 815104
249008111 73401718 320 815104
249064769 72353142 320 815104
249069012 72353142 320 811008
249069675 72353142 320 806912
249071665 72353142 320 806912
249128451 71304566 320 806912
249132488 71304566 320 802816
249133748 71304566 320 802816
249190360 70255990 320 802816
249194524 70255990 320 798720
249195197 70255990 320 794624
249197194 70255990 320 794624
249253953 69207414 320 794624
249257938 69207414 320 790528
249259258 69207414 320 790528
249315794 68158838 320 790528
249320021 68158838 320 786432
249320694 68158838 320 782336
249322689 68158838 320 782336
249379403 67110262 320 782336
249383322 67110262 320 778240
249384618 67110262 320 778240
249441254 66061686 320 778240
249445441 66061686 320 774144
249446104 66061686 320 770048
249448104 66061686 320 770048
249504803 65013110 320 770048
249508787 65013110 320 765952
249510123 65013110 320 765952
249566841 63964534 320 765952
249571024 63964534 320 761856
249571686 63964534 320 757760
249573674 63964534 320 757760
249630410 62915958 320 757760
249634365 62915958 320 753664
249635652 62915958 320 753664
249692143 61867382 320 753664
249696265 61867382 320 749568
249696951 61867382 320 745472
249698915 61867382 320 745472
249755679 60818806 320 745472
249759767 60818806 320 741376
249761042 60818806 320 741376
249817676 59770230 320 741376
249821878 59770230 320 737280
249822550 59770230 320 733184
249824533 59770230 320 733184
249879531 58721654 320 733184
249882224 58721654 320 729088
249883064 58721654 320 729088
249971746 57673078 320 729088
249982873 57673078 320 724992
249993279 57673078 320 720896
249996195 57673078 320 720896
250059193 56624502 320 720896
250065477 56624502 320 716800
250067043 56624502 320 716800
250124646 55575926 320 716800
250129321 55575926 320 712704
250130066 55575926 320 708608
250132393 55575926 320 708608
250189740 54527350 320 708608
250194030 54527350 320 704512
250199590 54527350 320 704512
250256801 53478774 320 704512
250261353 53478774 320 700416
250262051 53478774 320 696320
250264150 53478774 320 696320
250321207 52430198 320 696320
250326064 52430198 320 692224
250326771 52430198 320 688128
250327821 52430198 320 688128
250384758 51381622 320 688128
250388950 51381622 320 684032
250390290 51381622 320 684032
250447176 50333046 320 684032
250452104 50333046 320 679936
250452774 50333046 320 675840
250453919 50333046 320 675840
250510867 49284470 320 675840
250514875 49284470 320 671744
250516200 49284470 320 671744
250573061 48235894 320 671744
250578233 48235894 320 667648
250578889 48235894 320 663552
250579979 48235894 320 663552
250636819 47187318 320 663552
250640239 47187318 320 659456
250641199 47187318 320 659456
250697773 46138742 320 659456
250703161 46138742 320 655360
250703853 46138742 320 651264
250705001 46138742 320 651264
250761887 45090166 320 651264
250765907 45090166 320 647168
250767159 45090166 320 647168
250823966 44041590 320 647168
250829633 44041590 320 643072
250830313 44041590 320 638976
250831483 44041590 320 638976
250890172 42993014 320 638976
250894314 42993014 320 634880
250895649 42993014 320 634880
250952487 41944438 320 634880
250958493 41944438 320 630784
250959177 41944438 320 626688
250960375 41944438 320 626688
251017376 40895862 320 626688
251021381 40895862 320 622592
251022666 40895862 320 622592
251079400 39847286 320 622592
251085697 39847286 320 618496
251086372 39847286 320 614400
251087550 39847286 320 614400
251144511 38798710 320 614400
251148483 38798710 320 610304
251149766 38798710 320 610304
251206599 37750134 320 610304
251213232 37750134 320 606208
251213922 37750134 320 602112
251215092 37750134 320 602112
251272058 36701558 320 602112
251276098 36701558 320 598016
251277383 36701558 320 598016
251334182 35652982 320 598016
251341019 35652982 320 593920
251341719 35652982 320 589824
251342912 35652982 320 589824
251399790 34604406 320 589824
251403697 34604406 320 585728
251405003 34604406 320 585728
251461819 33555830 320 585728
251469081 33555830 320 581632
251469759 33555830 320 577536
251474814 33555830 320 577536
251531670 32507254 320 577536
251535660 32507254 320 573440
251537015 32507254 320 573440
251593713 31458678 320 573440
251601258 31458678 320 569344
251601958 31458678 320 565248
251603266 31458678 320 565248
251660465 30410102 320 565248
251664517 30410102 320 561152
251665789 30410102 320 561152
251722563 29361526 320 561152
251730408 29361526 320 557056
251731098 29361526 320 552960
251732398 29361526 320 552960
251789294 28312950 320 552960
251793316 28312950 320 548864
251794609 28312950 320 548864
251851293 27264374 320 548864
251859410 27264374 320 544768
251860087 27264374 320 540672
251861427 27264374 320 540672
251919054 26215798 320 540672
251923141 26215798 320 536576
251924456 26215798 320 536576
251981142 25167222 320 536576
251989610 25167222 320 532480
251990284 25167222 320 528384
251991722 25167222 320 528384
252048653 24118646 320 528384
252052613 24118646 320 524288
252053858 24118646 320 524288
252110807 23070070 320 524288
252119512 23070070 320 520192
252120197 23070070 320 516096
252121627 23070070 320 516096
252178663 22021494 320 516096
252182760 22021494 320 512000
252184048 22021494 320 512000
252240707 20972918 320 512000
252249812 20972918 320 507904
252250492 20972918 320 503808
252251919 20972918 320 503808
252309440 19924342 320 503808
252325062 19924342 320 507904
252347804 19924342 320 503808
252349254 19924342 320 503808
252404891 18875766 320 503808
252408238 18875766 320 499712
252408782 18875766 320 495616
252410435 18875766 320 495616
252465764 17827190 320 495616
252468728 17827190 320 491520
252469655 17827190 320 491520
252526056 16778614 320 491520
252530313 16778614 320 487424
252531025 16778614 320 483328
252532962 16778614 320 483328
252589886 15730038 320 483328
252593811 15730038 320 479232
252595129 15730038 320 479232
252650941 14681462 320 479232
252654623 14681462 320 475136
252655202 14681462 320 471040
252656789 14681462 320 471040
252713721 13632886 320 471040
252717718 13632886 320 466944
252718968 13632886 320 466944
252775625 12584310 320 466944
252779850 12584310 320 462848
252780545 12584310 320 458752
252782560 12584310 320 458752
252839526 11535734 320 458752
252843849 11535734 320 454656
252846836 11535734 320 454656
252902911 10487158 320 454656
252906557 10487158 320 450560
252910610 10487158 320 446464
252912349 10487158 320 446464
252969116 9438582 320 446464
252973170 9438582 320 442368
252974413 9438582 320 442368
253031161 8390006 320 442368
253035439 8390006 320 438272
253036144 8390006 320 434176
253038231 8390006 320 434176
253095368 7341430 320 434176
253099415 7341430 320 430080
253100635 7341430 320 430080
253157369 6292854 320 430080
253161746 6292854 320 425984
253162421 6292854 320 421888
253164458 6292854 320 421888
253221263 5244278 320 421888
253225247 5244278 320 417792
253226570 5244278 320 417792
253283176 4195702 320 417792
253287381 4195702 320 413696
253288086 4195702 320 409600
253290109 4195702 320 409600
253347100 3147126 320 409600
253351097 3147126 320 405504
253352370 3147126 320 405504
253408981 2098550 320 405504
253413081 2098550 320 401408
253413756 2098550 320 397312
253415743 2098550 320 397312
253472817 1049974 320 397312
253476814 1049974 320 393216
253478102 1049974 320 393216
253534733 1398 320 393216
253539600 1398 320 389120
253540270 1398 320 385024
253540695 1398 320 380928
253542718 1398 320 380928
253599472 1398 384 380928
253600462 598 384 380928
253616704 558 384 380928
253617578 510 384 380928
253632460 510 384 380928
253633170 510 384 380928
253633730 510 384 380928
253634302 510 384 380928
253634853 510 384 380928
253635483 510 384 380928
253635926 510 384 380928
253732484 510 384 385024
253734802 510 384 389120
253740133 510 384 393216
253744133 510 384 397312
253768367 510 384 401408
253773640 510 384 397312
253840572 510 384 401408
253858423 510 384 397312
253859128 510 384 393216
253870779 510 384 397312
253902656 510 384 393216
253903082 510 384 389120
253903405 510 384 385024
253906406 510 384 389120
253931174 510 384 385024
253931596 510 384 380928
253931948 510 384 376832
253934847 510 384 380928
253947786 510 384 376832
253948213 510 384 372736
253951135 510 384 376832
253969599 510 384 372736
253969989 510 384 368640
253970322 510 384 364544
253973302 510 384 368640
253991767 510 384 364544
253992138 510 384 360448
253992467 510 384 356352
253995680 510 384 352256
253998663 510 384 348160
253999003 510 384 344064
254090738 510 384 348160
254126933 510 384 352256
254168593 510 384 348160
254169251 510 384 344064
254169569 510 384 339968
254169950 510 384 335872
254190153 510 384 331776
254190604 510 384 327680
254190877 510 384 323584
254191152 510 384 319488
254191452 510 384 315392
254191715 510 384 311296
254191982 510 384 307200
254192253 510 384 303104
254192522 510 384 299008
254192802 510 384 294912
254193124 510 384 290816
254193411 510 384 286720
254193711 510 384 282624
254194006 510 384 278528
254194284 510 384 274432
254194555 510 384 270336
254194820 510 384 266240
254195084 510 384 262144
254195351 510 384 258048
254195620 510 384 253952
254195886 510 384 249856
254196153 510 384 245760
254199773 510 384 241664
254200065 510 384 237568
254200357 510 384 233472
254200624 510 384 229376
254200898 510 384 225280
254201165 510 384 221184
254201430 510 384 217088
254201697 510 384 212992
254201964 510 384 208896
254202233 510 384 204800
254202502 510 384 200704
254202768 510 384 196608
254203035 510 384 192512
254203302 510 384 188416
254203568 510 384 184320
254203838 510 384 180224
254204105 510 384 176128
254204373 510 384 172032
254204642 510 384 167936
254204911 510 384 163840
254205349 510 384 159744
254205637 510 384 155648
254205898 510 384 151552
254206171 510 384 147456
254206431 510 384 143360
254206700 510 384 139264
254206965 510 384 135168
254207231 510 384 131072
254207498 510 384 126976
254207788 510 384 122880
254208055 510 384 118784
254208324 510 384 114688
254208591 510 384 110592
254208858 510 384 106496
254212082 510 384 102400
254212353 510 384 98304
254212628 510 384 94208
254212898 510 384 90112
254213162 510 384 86016
254213425 510 384 81920
254213696 510 384 77824
254213963 510 384 73728
254214231 510 384 69632
254218736 510 384 65536
254219107 510 384 61440
254219394 510 384 57344
254219774 510 384 53248
254220056 510 384 49152
254220356 510 384 45056
254220647 510 384 40960
254220918 510 384 36864
254221187 510 384 32768
254221453 510 384 28672
254221720 510 384 24576
254221989 510 384 20480
254222271 510 384 16384
254222540 510 384 12288
254222807 510 384 8192
254223076 510 384 4096
