ts heap stack kmem
231209579 598 384 212992
231210316 598 384 212992
231211266 638 384 212992
231213411 638 336 212992
231215503 638 272 212992
231216082 638 224 212992
231216684 648 224 212992
231219838 648 224 212992
231220290 658 224 212992
231221201 658 224 212992
231227921 658 224 212992
231234601 658 224 212992
231235401 648 224 212992
231236132 638 224 212992
231238318 638 272 212992
231238904 638 224 212992
231239420 648 224 212992
231240460 648 224 212992
231240858 658 224 212992
231241638 658 224 212992
231243388 658 224 212992
231248289 648 224 212992
231248865 638 224 212992
231249584 638 368 212992
231253787 638 368 217088
231255563 638 1048256 217088
231256018 638 1048288 217088
231321486 638 1048288 221184
231322819 638 1048288 225280
231324421 638 2096880 225280
231325203 638 2096912 225280
231393393 638 2096912 229376
231395636 638 3145504 229376
231396514 638 3145536 229376
231453519 638 3145536 233472
231454903 638 3145536 237568
231456257 638 4194128 237568
231456946 638 4194160 237568
231512750 638 4194160 241664
231514093 638 5242752 241664
231514712 638 5242784 241664
231572454 638 5242784 245760
231574184 638 5242784 249856
231575814 638 6291376 249856
231576638 638 6291408 249856
231632719 638 6291424 249856
231637367 638 6291424 253952
231667624 638 6291424 258048
231681619 638 6291424 262144
231695616 638 6291424 266240
231709433 638 6291424 270336
231724381 638 6291424 274432
231739213 638 6291424 278528
231753087 638 6291424 282624
231768032 638 6291424 286720
231781889 638 6291424 290816
231795683 638 6291424 294912
231810389 638 6291424 299008
231825325 638 6291424 303104
231840568 638 6291424 307200
231854454 638 6291424 311296
231868250 638 6291424 315392
231882093 638 6291424 319488
231895882 638 6291424 323584
231910815 638 6291424 327680
231924825 638 6291424 331776
231939330 638 6291424 335872
231953179 638 6291424 339968
231968104 638 6291424 344064
231981870 638 6291424 348160
231995856 638 6291424 352256
232009663 638 6291424 356352
232023573 638 6291424 360448
232037365 638 6291424 364544
232051157 638 6291424 368640
232065010 638 6291424 372736
232078860 638 6291424 376832
232092648 638 6291424 380928
232107347 638 6291424 385024
232121147 638 6291424 389120
232135650 638 6291424 393216
232150637 638 6291424 397312
232165408 638 6291424 401408
232180154 638 6291424 405504
232195077 638 6291424 409600
232209856 638 6291424 413696
232223657 638 6291424 417792
232237424 638 6291424 421888
232251253 638 6291424 425984
232266163 638 6291424 430080
232279955 638 6291424 434176
232294845 638 6291424 438272
232313962 638 6291424 442368
232329475 638 6291424 446464
232345285 638 6291424 450560
232362075 638 6291424 454656
232376933 638 6291424 458752
232390652 638 6291424 462848
232404360 638 6291424 466944
232419208 638 6291424 471040
232433072 638 6291424 475136
232447921 638 6291424 479232
232461651 638 6291424 483328
232475352 638 6291424 487424
232489153 638 6291424 491520
232503313 638 6291424 495616
232517035 638 6291424 499712
232530795 638 6291424 503808
232545218 638 6291424 507904
232558950 638 6291424 512000
232573775 638 6291424 516096
232588686 638 6291424 520192
232603527 638 6291424 524288
232618335 638 6291424 528384
232632036 638 6291424 532480
232646864 638 6291424 536576
232660565 638 6291424 540672
232675389 638 6291424 544768
232692073 638 6291424 548864
232716358 638 6291424 552960
232739190 638 6291424 557056
232752968 638 6291424 561152
232767782 638 6291424 565248
232782607 638 6291424 569344
232796318 638 6291424 573440
232811126 638 6291424 577536
232827157 638 6291424 581632
232840971 638 6291424 585728
232854668 638 6291424 589824
232869479 638 6291424 593920
232884120 638 6291424 598016
232897929 638 6291424 602112
232911631 638 6291424 606208
232925319 638 6291424 610304
232939904 638 6291424 614400
232953579 638 6291424 618496
232967963 638 6291424 622592
232981660 638 6291424 626688
232995355 638 6291424 630784
233009036 638 6291424 634880
233023926 638 6291424 638976
233037992 638 6291424 643072
233051795 638 6291424 647168
233065504 638 6291424 651264
233079199 638 6291424 655360
233093019 638 6291424 659456
233106916 638 6291424 663552
233120613 638 6291424 667648
233135427 638 6291424 671744
233150264 638 6291424 675840
233164693 638 6291424 679936
233179279 638 6291424 684032
233193030 638 6291424 688128
233207856 638 6291424 692224
233222671 638 6291424 696320
233237481 638 6291424 700416
233251189 638 6291424 704512
233266932 638 6291424 708608
233280752 638 6291424 712704
233295346 638 6291424 716800
233312786 638 6291424 720896
233327732 638 6291424 724992
233342372 638 6291424 729088
233356047 638 6291424 733184
233370494 638 6291424 737280
233384209 638 6291424 741376
233397895 638 6291424 745472
233411822 638 6291424 749568
233425536 638 6291424 753664
233439220 638 6291424 757760
233452911 638 6291424 761856
233466597 638 6291424 765952
233481487 638 6291424 770048
233495180 638 6291424 774144
233509993 638 6291424 778240
233523691 638 6291424 782336
233537366 638 6291424 786432
233551189 638 6291424 790528
233565776 638 6291424 794624
233579473 638 6291424 798720
233593179 638 6291424 802816
233606856 638 6291424 806912
233621752 638 6291424 811008
233635451 638 6291424 815104
233649135 638 6291424 819200
233663732 638 6291424 823296
233678546 638 6291424 827392
233692232 638 6291424 831488
233708014 638 6291424 835584
233721830 638 6291424 839680
233735658 638 6291424 843776
233749466 638 6291424 847872
233765030 638 6291424 851968
233778722 638 6291424 856064
233792581 638 6291424 860160
233806277 638 6291424 864256
233819979 638 6291424 868352
233834571 638 6291424 872448
233849378 638 6291424 876544
233863066 638 6291424 880640
233877877 638 6291424 884736
233891559 638 6291424 888832
233905225 638 6291424 892928
233918904 638 6291424 897024
233932696 638 6291424 901120
233946383 638 6291424 905216
233961676 638 6291424 909312
233976486 638 6291424 913408
233990173 638 6291424 917504
234004979 638 6291424 921600
234019658 638 6291424 925696
234033362 638 6291424 929792
234048182 638 6291424 933888
234061995 638 6291424 937984
234076802 638 6291424 942080
234091639 638 6291424 946176
234105331 638 6291424 950272
234120142 638 6291424 954368
234134958 638 6291424 958464
234151756 638 6291424 962560
234166179 638 6291424 966656
234180999 638 6291424 970752
234194992 638 6291424 974848
234208690 638 6291424 978944
234223515 638 6291424 983040
234237206 638 6291424 987136
234251868 638 6291424 991232
234265650 638 6291424 995328
234280510 638 6291424 999424
234295325 638 6291424 1003520
234311656 638 6291424 1007616
234326558 638 6291424 1011712
234340248 638 6291424 1015808
234354332 638 6291424 1019904
234379973 638 6291424 1024000
234403142 638 6291424 1028096
234417016 638 6291424 1032192
234430752 638 6291424 1036288
234444435 638 6291424 1040384
234458125 638 6291424 1044480
234473006 638 6291424 1048576
234486689 638 6291424 1052672
234501421 638 6291424 1056768
234515141 638 6291424 1060864
234528905 638 6291424 1064960
234542592 638 6291424 1069056
234556281 638 6291424 1073152
234569967 638 6291424 1077248
234584345 638 6291424 1081344
234598101 638 6291424 1085440
234613884 638 6291424 1089536
234627611 638 6291424 1093632
234641310 638 6291424 1097728
234655006 638 6291424 1101824
234668705 638 6291424 1105920
234682423 638 6291424 1110016
234696098 638 6291424 1114112
234709782 638 6291424 1118208
234723773 638 6291424 1122304
234737459 638 6291424 1126400
234751224 638 6291424 1130496
234764904 638 6291424 1134592
234779421 638 6291424 1138688
234793135 638 6291424 1142784
234806854 638 6291424 1146880
234820556 638 6291424 1150976
234834258 638 6291424 1155072
234847941 638 6291424 1159168
234861674 638 6291424 1163264
234875360 638 6291424 1167360
234889048 638 6291424 1171456
234902735 638 6291424 1175552
234916413 638 6291424 1179648
234930090 638 6291424 1183744
234944013 638 6291424 1187840
234957719 638 6291424 1191936
234972243 638 6291424 1196032
234985953 638 6291424 1200128
234999638 638 6291424 1204224
235013402 638 6291424 1208320
235027109 638 6291424 1212416
235042510 638 6291424 1216512
235056220 638 6291424 1220608
235070002 638 6291424 1224704
235083697 638 6291424 1228800
235097412 638 6291424 1232896
235111111 638 6291424 1236992
235124841 638 6291424 1241088
235138528 638 6291424 1245184
235152242 638 6291424 1249280
235166833 638 6291424 1253376
235180548 638 6291424 1257472
235194272 638 6291424 1261568
235207952 638 6291424 1265664
235221633 638 6291424 1269760
235235322 638 6291424 1273856
235249040 638 6291424 1277952
235262731 638 6291424 1282048
235276415 638 6291424 1286144
235290143 638 6291424 1290240
235303837 638 6291424 1294336
235333488 638 6291408 1294336
235390976 638 6291424 1294336
235395348 638 6291424 1298432
235423824 638 6291424 1302528
235437587 638 6291424 1306624
235452008 638 6291424 1310720
235465691 638 6291424 1314816
235479618 638 6291424 1318912
235493388 638 6291424 1323008
235507108 638 6291424 1327104
235520822 638 6291424 1331200
235534538 638 6291424 1335296
235548223 638 6291424 1339392
235563672 638 6291424 1343488
235577528 638 6291424 1347584
235591235 638 6291424 1351680
235604981 638 6291424 1355776
235618687 638 6291424 1359872
235632397 638 6291424 1363968
235646780 638 6291424 1368064
235660590 638 6291424 1372160
235674300 638 6291424 1376256
235688021 638 6291424 1380352
235701911 638 6291424 1384448
235715632 638 6291424 1388544
235729381 638 6291424 1392640
235743062 638 6291424 1396736
235756776 638 6291424 1400832
235770454 638 6291424 1404928
235784161 638 6291424 1409024
235797877 638 6291424 1413120
235811582 638 6291424 1417216
235825309 638 6291424 1421312
235839699 638 6291424 1425408
235853413 638 6291424 1429504
235867101 638 6291424 1433600
235880781 638 6291424 1437696
235894455 638 6291424 1441792
235908137 638 6291424 1445888
235922039 638 6291424 1449984
235935796 638 6291424 1454080
235949478 638 6291424 1458176
235963167 638 6291424 1462272
235976879 638 6291424 1466368
235992746 638 6291424 1470464
236006427 638 6291424 1474560
236020155 638 6291424 1478656
236034553 638 6291424 1482752
236048294 638 6291424 1486848
236062018 638 6291424 1490944
236075735 638 6291424 1495040
236089426 638 6291424 1499136
236103236 638 6291424 1503232
236116989 638 6291424 1507328
236130685 638 6291424 1511424
236144539 638 6291424 1515520
236158244 638 6291424 1519616
236171930 638 6291424 1523712
236185634 638 6291424 1527808
236199345 638 6291424 1531904
236213062 638 6291424 1536000
236227490 638 6291424 1540096
236241214 638 6291424 1544192
236254935 638 6291424 1548288
236268646 638 6291424 1552384
236282330 638 6291424 1556480
236296093 638 6291424 1560576
236313881 638 6291424 1564672
236327760 638 6291424 1568768
236341468 638 6291424 1572864
236355160 638 6291424 1576960
236369088 638 6291424 1581056
236382787 638 6291424 1585152
236396483 638 6291424 1589248
236410200 638 6291424 1593344
236426676 638 6291424 1597440
236440384 638 6291424 1601536
236454288 638 6291424 1605632
236467969 638 6291424 1609728
236481708 638 6291424 1613824
236495415 638 6291424 1617920
236509098 638 6291424 1622016
236522782 638 6291424 1626112
236536502 638 6291424 1630208
236550179 638 6291424 1634304
236563901 638 6291424 1638400
236577612 638 6291424 1642496
236591604 638 6291424 1646592
236605366 638 6291424 1650688
236619756 638 6291424 1654784
236633448 638 6291424 1658880
236647126 638 6291424 1662976
236660838 638 6291424 1667072
236674552 638 6291424 1671168
236688247 638 6291424 1675264
236701932 638 6291424 1679360
236715642 638 6291424 1683456
236729364 638 6291424 1687552
236743171 638 6291424 1691648
236757682 638 6291424 1695744
236771393 638 6291424 1699840
236785074 638 6291424 1703936
236798792 638 6291424 1708032
236813488 638 6291424 1712128
236827275 638 6291424 1716224
236840966 638 6291424 1720320
236856212 638 6291424 1724416
236869933 638 6291424 1728512
236883630 638 6291424 1732608
236897351 638 6291424 1736704
236911031 638 6291424 1740800
236924791 638 6291424 1744896
236938564 638 6291424 1748992
236952282 638 6291424 1753088
236965975 638 6291424 1757184
236979665 638 6291424 1761280
236993388 638 6291424 1765376
237007793 638 6291424 1769472
237021550 638 6291424 1773568
237035410 638 6291424 1777664
237049167 638 6291424 1781760
237062865 638 6291424 1785856
237076546 638 6291424 1789952
237090237 638 6291424 1794048
237103953 638 6291424 1798144
237117680 638 6291424 1802240
237131370 638 6291424 1806336
237145089 638 6291424 1810432
237158825 638 6291424 1814528
237172511 638 6291424 1818624
237186199 638 6291424 1822720
237200589 638 6291424 1826816
237214347 638 6291424 1830912
237228038 638 6291424 1835008
237241754 638 6291424 1839104
237255675 638 6291424 1843200
237269402 638 6291424 1847296
237284900 638 6291424 1851392
237298582 638 6291424 1855488
237315039 638 6291424 1859584
237328998 638 6291424 1863680
237343218 638 6291424 1867776
237358627 638 6291424 1871872
237374395 638 6291424 1875968
237389336 638 6291424 1880064
237403866 638 6291424 1884160
237417588 638 6291424 1888256
237431675 638 6291424 1892352
237445364 638 6291424 1896448
237459424 638 6291424 1900544
237473114 638 6291424 1904640
237486993 638 6291424 1908736
237501066 638 6291424 1912832
237514747 638 6291424 1916928
237528440 638 6291424 1921024
237542148 638 6291424 1925120
237556216 638 6291424 1929216
237569909 638 6291424 1933312
237583601 638 6291424 1937408
237597984 638 6291424 1941504
237611699 638 6291424 1945600
237625418 638 6291424 1949696
237639111 638 6291424 1953792
237652799 638 6291424 1957888
237666873 638 6291424 1961984
237680557 638 6291424 1966080
237694238 638 6291424 1970176
237708142 638 6291424 1974272
237723527 638 6291424 1978368
237737228 638 6291424 1982464
237750930 638 6291424 1986560
237764628 638 6291424 1990656
237778701 638 6291424 1994752
237793094 638 6291424 1998848
237806889 638 6291424 2002944
237820579 638 6291424 2007040
237834752 638 6291424 2011136
237848476 638 6291424 2015232
237862174 638 6291424 2019328
237875871 638 6291424 2023424
237889943 638 6291424 2027520
237904635 638 6291424 2031616
237919323 638 6291424 2035712
237933402 638 6291424 2039808
237947103 638 6291424 2043904
237960790 638 6291424 2048000
237974485 638 6291424 2052096
237989271 638 6291424 2056192
238002972 638 6291424 2060288
238016657 638 6291424 2064384
238030380 638 6291424 2068480
238044455 638 6291424 2072576
238058165 638 6291424 2076672
238072224 638 6291424 2080768
238086288 638 6291424 2084864
238100347 638 6291424 2088960
238114421 638 6291424 2093056
238128495 638 6291424 2097152
238142767 638 6291424 2101248
238159730 638 6291424 2105344
238174238 638 6291424 2109440
238188659 638 6291424 2113536
238202361 638 6291424 2117632
238216420 638 6291424 2121728
238230484 638 6291424 2125824
238244547 638 6291424 2129920
238258265 638 6291424 2134016
238272329 638 6291424 2138112
238286034 638 6291424 2142208
238299722 638 6291424 2146304
238316842 638 6291424 2150400
238331779 638 6291424 2154496
238345462 638 6291424 2158592
238359152 638 6291424 2162688
238372862 638 6291424 2166784
238387452 638 6291424 2170880
238402296 638 6291424 2174976
238415976 638 6291424 2179072
238430790 638 6291424 2183168
238444483 638 6291424 2187264
238459060 638 6291424 2191360
238472872 638 6291424 2195456
238486561 638 6291424 2199552
238501372 638 6291424 2203648
238515141 638 6291424 2207744
238528957 638 6291424 2211840
238542644 638 6291424 2215936
238556332 638 6291424 2220032
238570031 638 6291424 2224128
238584427 638 6291424 2228224
238600152 638 6291424 2232320
238614079 638 6291424 2236416
238627769 638 6291424 2240512
238641467 638 6291424 2244608
238656051 638 6291424 2248704
238669733 638 6291424 2252800
238683426 638 6291424 2256896
238698236 638 6291424 2260992
238713055 638 6291424 2265088
238726731 638 6291424 2269184
238741562 638 6291424 2273280
238756408 638 6291424 2277376
238771227 638 6291424 2281472
238785614 638 6291424 2285568
238800445 638 6291424 2289664
238815252 638 6291424 2293760
238828950 638 6291424 2297856
238843587 638 6291424 2301952
238857322 638 6291424 2306048
238871022 638 6291424 2310144
238884701 638 6291424 2314240
238898394 638 6291424 2318336
238913206 638 6291424 2322432
238926905 638 6291424 2326528
238940592 638 6291424 2330624
238954403 638 6291424 2334720
238969225 638 6291424 2338816
238995479 638 6291408 2338816
239053441 638 6291424 2338816
239057511 638 6291424 2342912
239086803 638 6291424 2347008
239100686 638 6291424 2351104
239114380 638 6291424 2355200
239130038 638 6291424 2359296
239143781 638 6291424 2363392
239157686 638 6291424 2367488
239172546 638 6291424 2371584
239187413 638 6291424 2375680
239201095 638 6291424 2379776
239214899 638 6291424 2383872
239229499 638 6291424 2387968
239244312 638 6291424 2392064
239259133 638 6291424 2396160
239273654 638 6291424 2400256
239287348 638 6291424 2404352
239302158 638 6291424 2408448
239320131 638 6291424 2412544
239335082 638 6291424 2416640
239349681 638 6291424 2420736
239364496 638 6291424 2424832
239378177 638 6291424 2428928
239392057 638 6291424 2433024
239405760 638 6291424 2437120
239419459 638 6291424 2441216
239433136 638 6291424 2445312
239446819 638 6291424 2449408
239461408 638 6291424 2453504
239475918 638 6291424 2457600
239490746 638 6291424 2461696
239505648 638 6291424 2465792
239519343 638 6291424 2469888
239533027 638 6291424 2473984
239547619 638 6291424 2478080
239561422 638 6291424 2482176
239578334 638 6291424 2486272
239592163 638 6291424 2490368
239605976 638 6291424 2494464
239619954 638 6291424 2498560
239634622 638 6291424 2502656
239648346 638 6291424 2506752
239663891 638 6291424 2510848
239681586 638 6291424 2514944
239695753 638 6291424 2519040
239709527 638 6291424 2523136
239723271 638 6291424 2527232
239737015 638 6291424 2531328
239750737 638 6291424 2535424
239764460 638 6291424 2539520
239778220 638 6291424 2543616
239792332 638 6291424 2547712
239806429 638 6291424 2551808
239820168 638 6291424 2555904
239833947 638 6291424 2560000
239847886 638 6291424 2564096
239861612 638 6291424 2568192
239876182 638 6291424 2572288
239890278 638 6291424 2576384
239904001 638 6291424 2580480
239917787 638 6291424 2584576
239931886 638 6291424 2588672
239945960 638 6291424 2592768
239959784 638 6291424 2596864
239973518 638 6291424 2600960
239987236 638 6291424 2605056
240000969 638 6291424 2609152
240016816 638 6291424 2613248
240031519 638 6291424 2617344
240045254 638 6291424 2621440
240058979 638 6291424 2625536
240073619 638 6291424 2629632
240087325 638 6291424 2633728
240101393 638 6291424 2637824
240115535 638 6291424 2641920
240129231 638 6291424 2646016
240142923 638 6291424 2650112
240156623 638 6291424 2654208
240170312 638 6291424 2658304
240184399 638 6291424 2662400
240198086 638 6291424 2666496
240211791 638 6291424 2670592
240225485 638 6291424 2674688
240239559 638 6291424 2678784
240253279 638 6291424 2682880
240267671 638 6291424 2686976
240281358 638 6291424 2691072
240295315 638 6291424 2695168
240314790 638 6291424 2699264
240329840 638 6291424 2703360
240344426 638 6291424 2707456
240359245 638 6291424 2711552
240381780 638 6291424 2715648
240395080 638 6291424 2719744
240408204 638 6291424 2723840
240421341 638 6291424 2727936
240435545 638 6291424 2732032
240448766 638 6291424 2736128
240465033 638 6291424 2740224
240478859 638 6291424 2744320
240492101 638 6291424 2748416
240505212 638 6291424 2752512
240519411 638 6291424 2756608
240532818 638 6291424 2760704
240547021 638 6291424 2764800
240561213 638 6291424 2768896
240574327 638 6291424 2772992
240588530 638 6291424 2777088
240602520 638 6291424 2781184
240615645 638 6291424 2785280
240629842 638 6291424 2789376
240644124 638 6291424 2793472
240658405 638 6291424 2797568
240672194 638 6291424 2801664
240686396 638 6291424 2805760
240699540 638 6291424 2809856
240712664 638 6291424 2813952
240725788 638 6291424 2818048
240740042 638 6291424 2822144
240753406 638 6291424 2826240
240767611 638 6291424 2830336
240781795 638 6291424 2834432
240796017 638 6291424 2838528
240810200 638 6291424 2842624
240823323 638 6291424 2846720
240837507 638 6291424 2850816
240851707 638 6291424 2854912
240865721 638 6291424 2859008
240879923 638 6291424 2863104
240894923 638 6291424 2867200
240908041 638 6291424 2871296
240922231 638 6291424 2875392
240935350 638 6291424 2879488
240948462 638 6291424 2883584
240962657 638 6291424 2887680
240975974 638 6291424 2891776
240989092 638 6291424 2895872
241002213 638 6291424 2899968
241016407 638 6291424 2904064
241029527 638 6291424 2908160
241042685 638 6291424 2912256
241056509 638 6291424 2916352
241070709 638 6291424 2920448
241084024 638 6291424 2924544
241097140 638 6291424 2928640
241110261 638 6291424 2932736
241123370 638 6291424 2936832
241136620 638 6291424 2940928
241149744 638 6291424 2945024
241162868 638 6291424 2949120
241175978 638 6291424 2953216
241189473 638 6291424 2957312
241202629 638 6291424 2961408
241216824 638 6291424 2965504
241229935 638 6291424 2969600
241243742 638 6291424 2973696
241257946 638 6291424 2977792
241271066 638 6291424 2981888
241285285 638 6291424 2985984
241298415 638 6291424 2990080
241316694 638 6291424 2994176
241331011 638 6291424 2998272
241344132 638 6291424 3002368
241357374 638 6291424 3006464
241370929 638 6291424 3010560
241384164 638 6291424 3014656
241397277 638 6291424 3018752
241410776 638 6291424 3022848
241424972 638 6291424 3026944
241439159 638 6291424 3031040
241452275 638 6291424 3035136
241466475 638 6291424 3039232
241480455 638 6291424 3043328
241493559 638 6291424 3047424
241507116 638 6291424 3051520
241520308 638 6291424 3055616
241533424 638 6291424 3059712
241546546 638 6291424 3063808
241560817 638 6291424 3067904
241574064 638 6291424 3072000
241587328 638 6291424 3076096
241600624 638 6291424 3080192
241614528 638 6291424 3084288
241628629 638 6291424 3088384
241641807 638 6291424 3092480
241655295 638 6291424 3096576
241669166 638 6291424 3100672
241682442 638 6291424 3104768
241696416 638 6291424 3108864
241709530 638 6291424 3112960
241723727 638 6291424 3117056
241738862 638 6291424 3121152
241752016 638 6291424 3125248
241765254 638 6291424 3129344
241779141 638 6291424 3133440
241792268 638 6291424 3137536
241806459 638 6291424 3141632
241820334 638 6291424 3145728
241834250 638 6291424 3149824
241847644 638 6291424 3153920
241860883 638 6291424 3158016
241874002 638 6291424 3162112
241888188 638 6291424 3166208
241902183 638 6291424 3170304
241916408 638 6291424 3174400
241929532 638 6291424 3178496
241942699 638 6291424 3182592
241956781 638 6291424 3186688
241969911 638 6291424 3190784
241983095 638 6291424 3194880
241996189 638 6291424 3198976
242010146 638 6291424 3203072
242023268 638 6291424 3207168
242037519 638 6291424 3211264
242051506 638 6291424 3215360
242065634 638 6291424 3219456
242079296 638 6291424 3223552
242092865 638 6291424 3227648
242106558 638 6291424 3231744
242119690 638 6291424 3235840
242133053 638 6291424 3239936
242146170 638 6291424 3244032
242161911 638 6291424 3248128
242175115 638 6291424 3252224
242189319 638 6291424 3256320
242203106 638 6291424 3260416
242216235 638 6291424 3264512
242230434 638 6291424 3268608
242243549 638 6291424 3272704
242257184 638 6291424 3276800
242271388 638 6291424 3280896
242284791 638 6291424 3284992
242297912 638 6291424 3289088
242313709 638 6291424 3293184
242328013 638 6291424 3297280
242342215 638 6291424 3301376
242355338 638 6291424 3305472
242369344 638 6291424 3309568
242382504 638 6291424 3313664
242396371 638 6291424 3317760
242410566 638 6291424 3321856
242424763 638 6291424 3325952
242437947 638 6291424 3330048
242451064 638 6291424 3334144
242464185 638 6291424 3338240
242478448 638 6291424 3342336
242493016 638 6291424 3346432
242506314 638 6291424 3350528
242522215 638 6291424 3354624
242535458 638 6291424 3358720
242548682 638 6291424 3362816
242561844 638 6291424 3366912
242575090 638 6291424 3371008
242589235 638 6291424 3375104
242602406 638 6291424 3379200
242615666 638 6291424 3383296
242640223 638 6291408 3383296
242696187 638 6291424 3383296
242699101 638 6291424 3387392
242712792 638 6291424 3391488
242726001 638 6291424 3395584
242739149 638 6291424 3399680
242752340 638 6291424 3403776
242765731 638 6291424 3407872
242779038 638 6291424 3411968
242792185 638 6291424 3416064
242805342 638 6291424 3420160
242818900 638 6291424 3424256
242832107 638 6291424 3428352
242845993 638 6291424 3432448
242859229 638 6291424 3436544
242872383 638 6291424 3440640
242885882 638 6291424 3444736
242899494 638 6291424 3448832
242912725 638 6291424 3452928
242926047 638 6291424 3457024
242939303 638 6291424 3461120
242952668 638 6291424 3465216
242965835 638 6291424 3469312
242979018 638 6291424 3473408
242992267 638 6291424 3477504
243007577 638 6291424 3481600
243020755 638 6291424 3485696
243034675 638 6291424 3489792
243047932 638 6291424 3493888
243061183 638 6291424 3497984
243074364 638 6291424 3502080
243087705 638 6291424 3506176
243100963 638 6291424 3510272
243114377 638 6291424 3514368
243127618 638 6291424 3518464
243140788 638 6291424 3522560
243153908 638 6291424 3526656
243167063 638 6291424 3530752
243180330 638 6291424 3534848
243193453 638 6291424 3538944
243206945 638 6291424 3543040
243221178 638 6291424 3547136
243234344 638 6291424 3551232
243247480 638 6291424 3555328
243260605 638 6291424 3559424
243273749 638 6291424 3563520
243286911 638 6291424 3567616
243300060 638 6291424 3571712
243317215 638 6291424 3575808
243330497 638 6291424 3579904
243343839 638 6291424 3584000
243357064 638 6291424 3588096
243370311 638 6291424 3592192
243383505 638 6291424 3596288
243396685 638 6291424 3600384
243410528 638 6291424 3604480
243426197 638 6291424 3608576
243439374 638 6291424 3612672
243452589 638 6291424 3616768
243465722 638 6291424 3620864
243478860 638 6291424 3624960
243492374 638 6291424 3629056
243505540 638 6291424 3633152
243518705 638 6291424 3637248
243532042 638 6291424 3641344
243545262 638 6291424 3645440
243558423 638 6291424 3649536
243571744 638 6291424 3653632
243584889 638 6291424 3657728
243599107 638 6291424 3661824
243612427 638 6291424 3665920
243625587 638 6291424 3670016
243638899 638 6291424 3674112
243652049 638 6291424 3678208
243665392 638 6291424 3682304
243678566 638 6291424 3686400
243691747 638 6291424 3690496
243705124 638 6291424 3694592
243719356 638 6291424 3698688
243732523 638 6291424 3702784
243745813 638 6291424 3706880
243758988 638 6291424 3710976
243772265 638 6291424 3715072
243786286 638 6291424 3719168
243799537 638 6291424 3723264
243812691 638 6291424 3727360
243825854 638 6291424 3731456
243841460 638 6291424 3735552
243854697 638 6291424 3739648
243867860 638 6291424 3743744
243881215 638 6291424 3747840
243894344 638 6291424 3751936
243907472 638 6291424 3756032
243920716 638 6291424 3760128
243933841 638 6291424 3764224
243946968 638 6291424 3768320
243960301 638 6291424 3772416
243974152 638 6291424 3776512
243987289 638 6291424 3780608
244000433 638 6291424 3784704
244013558 638 6291424 3788800
244026669 638 6291424 3792896
244212268 638 6291424 3796992
244226459 638 6291424 3801088
244240569 638 6291424 3805184
244254584 638 6291424 3809280
244269004 638 6291424 3813376
244282448 638 6291424 3817472
244296551 638 6291424 3821568
244314314 638 6291424 3825664
244327742 638 6291424 3829760
244341742 638 6291424 3833856
244354939 638 6291424 3837952
244368143 638 6291424 3842048
244381388 638 6291424 3846144
244394641 638 6291424 3850240
244407813 638 6291424 3854336
244421314 638 6291424 3858432
244436951 638 6291424 3862528
244450261 638 6291424 3866624
244464039 638 6291424 3870720
244477219 638 6291424 3874816
244490545 638 6291424 3878912
244503710 638 6291424 3883008
244516881 638 6291424 3887104
244531145 638 6291424 3891200
244544666 638 6291424 3895296
244557825 638 6291424 3899392
244571188 638 6291424 3903488
244584351 638 6291424 3907584
244597516 638 6291424 3911680
244610666 638 6291424 3915776
244623818 638 6291424 3919872
244637395 638 6291424 3923968
244650556 638 6291424 3928064
244663711 638 6291424 3932160
244676949 638 6291424 3936256
244690102 638 6291424 3940352
244703602 638 6291424 3944448
244717428 638 6291424 3948544
244730554 638 6291424 3952640
244743666 638 6291424 3956736
244756809 638 6291424 3960832
244770052 638 6291424 3964928
244783256 638 6291424 3969024
244796378 638 6291424 3973120
244809490 638 6291424 3977216
244822604 638 6291424 3981312
244835719 638 6291424 3985408
244850943 638 6291424 3989504
244864128 638 6291424 3993600
244877281 638 6291424 3997696
244890478 638 6291424 4001792
244904293 638 6291424 4005888
244917617 638 6291424 4009984
244930735 638 6291424 4014080
244943856 638 6291424 4018176
244956975 638 6291424 4022272
244970097 638 6291424 4026368
244983247 638 6291424 4030464
244996450 638 6291424 4034560
245009566 638 6291424 4038656
245022691 638 6291424 4042752
245035807 638 6291424 4046848
245049058 638 6291424 4050944
245062195 638 6291424 4055040
245075323 638 6291424 4059136
245089119 638 6291424 4063232
245102327 638 6291424 4067328
245115575 638 6291424 4071424
245128902 638 6291424 4075520
245142032 638 6291424 4079616
245155357 638 6291424 4083712
245169000 638 6291424 4087808
245182122 638 6291424 4091904
245195262 638 6291424 4096000
245208473 638 6291424 4100096
245221594 638 6291424 4104192
245234713 638 6291424 4108288
245247954 638 6291424 4112384
245263298 638 6291424 4116480
245277203 638 6291424 4120576
245290424 638 6291424 4124672
245303567 638 6291424 4128768
245319484 638 6291424 4132864
245332702 638 6291424 4136960
245346072 638 6291424 4141056
245359318 638 6291424 4145152
245372478 638 6291424 4149248
245385598 638 6291424 4153344
245398730 638 6291424 4157440
245411840 638 6291424 4161536
245425038 638 6291424 4165632
245438154 638 6291424 4169728
245451278 638 6291424 4173824
245465100 638 6291424 4177920
245478227 638 6291424 4182016
245491348 638 6291424 4186112
245504842 638 6291424 4190208
245517973 638 6291424 4194304
245531351 638 6291424 4198400
245544686 638 6291424 4202496
245558138 638 6291424 4206592
245572372 638 6291424 4210688
245585615 638 6291424 4214784
245598866 638 6291424 4218880
245612134 638 6291424 4222976
245625392 638 6291424 4227072
245638825 638 6291424 4231168
245653509 638 6291424 4235264
245666786 638 6291424 4239360
245683204 638 6291424 4243456
245696352 638 6291424 4247552
245710345 638 6291424 4251648
245724370 638 6291424 4255744
245738370 638 6291424 4259840
245752701 638 6291424 4263936
245766706 638 6291424 4268032
245780047 638 6291424 4272128
245794088 638 6291424 4276224
245807215 638 6291424 4280320
245821216 638 6291424 4284416
245835244 638 6291424 4288512
245849051 638 6291424 4292608
245863144 638 6291424 4296704
245877359 638 6291424 4300800
245891378 638 6291424 4304896
245905386 638 6291424 4308992
245919268 638 6291424 4313088
245933272 638 6291424 4317184
245947263 638 6291424 4321280
245961155 638 6291424 4325376
245975306 638 6291424 4329472
245989527 638 6291424 4333568
246003621 638 6291424 4337664
246016802 638 6291424 4341760
246030167 638 6291424 4345856
246044593 638 6291424 4349952
246057987 638 6291424 4354048
246071115 638 6291424 4358144
246084359 638 6291424 4362240
246097474 638 6291424 4366336
246110971 638 6291424 4370432
246124135 638 6291424 4374528
246139545 638 6291424 4378624
246153552 638 6291424 4382720
246166670 638 6291424 4386816
246180161 638 6291424 4390912
246193361 638 6291424 4395008
246206506 638 6291424 4399104
246219629 638 6291424 4403200
246233528 638 6291424 4407296
246246666 638 6291424 4411392
246259792 638 6291424 4415488
246273174 638 6291424 4419584
246286301 638 6291424 4423680
246299845 638 6291424 4427776
246326735 638 6291408 4427776
246385257 638 6291424 4427776
246389427 638 6291424 4431872
246418974 638 6291424 4435968
246433085 638 6291424 4440064
246446252 638 6291424 4444160
246459383 638 6291424 4448256
246472516 638 6291424 4452352
246486099 638 6291424 4456448
246499231 638 6291424 4460544
246513083 638 6291424 4464640
246526336 638 6291424 4468736
246540553 638 6291424 4472832
246553682 638 6291424 4476928
246566812 638 6291424 4481024
246580235 638 6291424 4485120
246593447 638 6291424 4489216
246607010 638 6291424 4493312
246620148 638 6291424 4497408
246633279 638 6291424 4501504
246649037 638 6291424 4505600
246663033 638 6291424 4509696
246676205 638 6291424 4513792
246690229 638 6291424 4517888
246704099 638 6291424 4521984
246717577 638 6291424 4526080
246730691 638 6291424 4530176
246744208 638 6291424 4534272
246757325 638 6291424 4538368
246770456 638 6291424 4542464
246783933 638 6291424 4546560
246797260 638 6291424 4550656
246810452 638 6291424 4554752
246823569 638 6291424 4558848
246836701 638 6291424 4562944
246849818 638 6291424 4567040
246862935 638 6291424 4571136
246876065 638 6291424 4575232
246889860 638 6291424 4579328
246903347 638 6291424 4583424
246916554 638 6291424 4587520
246929681 638 6291424 4591616
246942889 638 6291424 4595712
246956016 638 6291424 4599808
246969511 638 6291424 4603904
246982638 638 6291424 4608000
246995789 638 6291424 4612096
247009112 638 6291424 4616192
247022310 638 6291424 4620288
247035420 638 6291424 4624384
247048902 638 6291424 4628480
247064016 638 6291424 4632576
247078726 638 6291424 4636672
247091908 638 6291424 4640768
247105031 638 6291424 4644864
247118515 638 6291424 4648960
247131742 638 6291424 4653056
247144867 638 6291424 4657152
247158344 638 6291424 4661248
247171464 638 6291424 4665344
247184945 638 6291424 4669440
247198346 638 6291424 4673536
247211830 638 6291424 4677632
247225160 638 6291424 4681728
247238369 638 6291424 4685824
247251513 638 6291424 4689920
247265306 638 6291424 4694016
247278788 638 6291424 4698112
247291905 638 6291424 4702208
247305378 638 6291424 4706304
247323302 638 6291424 4710400
247336531 638 6291424 4714496
247349747 638 6291424 4718592
247363232 638 6291424 4722688
247376360 638 6291424 4726784
247389483 638 6291424 4730880
247402608 638 6291424 4734976
247415729 638 6291424 4739072
247428844 638 6291424 4743168
247442157 638 6291424 4747264
247456371 638 6291424 4751360
247469510 638 6291424 4755456
247484622 638 6291424 4759552
247498133 638 6291424 4763648
247511280 638 6291424 4767744
247524397 638 6291424 4771840
247537528 638 6291424 4775936
247551016 638 6291424 4780032
247564210 638 6291424 4784128
247577334 638 6291424 4788224
247590448 638 6291424 4792320
247603578 638 6291424 4796416
247617063 638 6291424 4800512
247630576 638 6291424 4804608
247644724 638 6291424 4808704
247658098 638 6291424 4812800
247671297 638 6291424 4816896
247684433 638 6291424 4820992
247697564 638 6291424 4825088
247711054 638 6291424 4829184
247724244 638 6291424 4833280
247737736 638 6291424 4837376
247751216 638 6291424 4841472
247764330 638 6291424 4845568
247777531 638 6291424 4849664
247791077 638 6291424 4853760
247804199 638 6291424 4857856
247817332 638 6291424 4861952
247831184 638 6291424 4866048
247844673 638 6291424 4870144
247858158 638 6291424 4874240
247871489 638 6291424 4878336
247884725 638 6291424 4882432
247899781 638 6291424 4886528
247913838 638 6291424 4890624
247927312 638 6291424 4894720
247940429 638 6291424 4898816
247953550 638 6291424 4902912
247966717 638 6291424 4907008
247979838 638 6291424 4911104
247993391 638 6291424 4915200
248006522 638 6291424 4919296
248020330 638 6291424 4923392
248033451 638 6291424 4927488
248046571 638 6291424 4931584
248059699 638 6291424 4935680
248072816 638 6291424 4939776
248086307 638 6291424 4943872
248100457 638 6291424 4947968
248113578 638 6291424 4952064
248127063 638 6291424 4956160
248140181 638 6291424 4960256
248153727 638 6291424 4964352
248166854 638 6291424 4968448
248180340 638 6291424 4972544
248193476 638 6291424 4976640
248207701 638 6291424 4980736
248221187 638 6291424 4984832
248234304 638 6291424 4988928
248247846 638 6291424 4993024
248260974 638 6291424 4997120
248274444 638 6291424 5001216
248287575 638 6291424 5005312
248300881 638 6291424 5009408
248318299 638 6291424 5013504
248332657 638 6291424 5017600
248346144 638 6291424 5021696
248359256 638 6291424 5025792
248372377 638 6291424 5029888
248385486 638 6291424 5033984
248399268 638 6291424 5038080
248412395 638 6291424 5042176
248425602 638 6291424 5046272
248439080 638 6291424 5050368
248452224 638 6291424 5054464
248465355 638 6291424 5058560
248478478 638 6291424 5062656
248491959 638 6291424 5066752
248505086 638 6291424 5070848
248518548 638 6291424 5074944
248531762 638 6291424 5079040
248544893 638 6291424 5083136
248558375 638 6291424 5087232
248571491 638 6291424 5091328
248585315 638 6291424 5095424
248598797 638 6291424 5099520
248611916 638 6291424 5103616
248625037 638 6291424 5107712
248638244 638 6291424 5111808
248651727 638 6291424 5115904
248664847 638 6291424 5120000
248678330 638 6291424 5124096
248691526 638 6291424 5128192
248705016 638 6291424 5132288
248718161 638 6291424 5136384
248733812 638 6291424 5140480
248748187 638 6291424 5144576
248761308 638 6291424 5148672
248775100 638 6291424 5152768
248788588 638 6291424 5156864
248802010 638 6291424 5160960
248815530 638 6291424 5165056
248828651 638 6291424 5169152
248841808 638 6291424 5173248
248855018 638 6291424 5177344
248868142 638 6291424 5181440
248881616 638 6291424 5185536
248894748 638 6291424 5189632
248907938 638 6291424 5193728
248921426 638 6291424 5197824
248935619 638 6291424 5201920
248949024 638 6291424 5206016
248962915 638 6291424 5210112
248976403 638 6291424 5214208
248989516 638 6291424 5218304
249002634 638 6291424 5222400
249015761 638 6291424 5226496
249028887 638 6291424 5230592
249042378 638 6291424 5234688
249055502 638 6291424 5238784
249068701 638 6291424 5242880
249081812 638 6291424 5246976
249094934 638 6291424 5251072
249108420 638 6291424 5255168
249121536 638 6291424 5259264
249135574 638 6291424 5263360
249151404 638 6291424 5267456
249164712 638 6291424 5271552
249177905 638 6291424 5275648
249191050 638 6291424 5279744
249204161 638 6291424 5283840
249217296 638 6291424 5287936
249230446 638 6291424 5292032
249243920 638 6291424 5296128
249257050 638 6291424 5300224
249270530 638 6291424 5304320
249283735 638 6291424 5308416
249297219 638 6291424 5312512
249312532 638 6291424 5316608
249326094 638 6291424 5320704
249340248 638 6291424 5324800
249353371 638 6291424 5328896
249366487 638 6291424 5332992
249379799 638 6291424 5337088
249393005 638 6291424 5341184
249406164 638 6291424 5345280
249419649 638 6291424 5349376
249432774 638 6291424 5353472
249445918 638 6291424 5357568
249459097 638 6291424 5361664
249472648 638 6291424 5365760
249485830 638 6291424 5369856
249499034 638 6291424 5373952
249512147 638 6291424 5378048
249525941 638 6291424 5382144
249539442 638 6291424 5386240
249552653 638 6291424 5390336
249567628 638 6291424 5394432
249581522 638 6291424 5398528
249594828 638 6291424 5402624
249608062 638 6291424 5406720
249621569 638 6291424 5410816
249634693 638 6291424 5414912
249647834 638 6291424 5419008
249660961 638 6291424 5423104
249674430 638 6291424 5427200
249687926 638 6291424 5431296
249701060 638 6291424 5435392
249714979 638 6291424 5439488
249728115 638 6291424 5443584
249741269 638 6291424 5447680
249755288 638 6291424 5451776
249768407 638 6291424 5455872
249781546 638 6291424 5459968
249794673 638 6291424 5464064
249807999 638 6291424 5468160
249845802 638 6291408 5468160
249903171 638 6291408 5468160
249959744 638 5242784 5468160
250015853 638 4194160 5468160
250072122 638 3145536 5468160
250128293 638 2096912 5468160
250184402 638 1048288 5468160
250240546 638 368 5468160
250241438 638 1048256 5468160
250241940 638 1048288 5468160
250297772 638 2096880 5468160
250298532 638 2096912 5468160
250355611 638 3145504 5468160
250356383 638 3145536 5468160
250412466 638 4194128 5468160
250413234 638 4194160 5468160
250468993 638 5242752 5468160
250469740 638 5242784 5468160
250525384 638 6291376 5468160
250526171 638 6291408 5468160
250581820 638 6291424 5468160
253708176 638 6291408 5468160
253765924 638 6291424 5468160
256891824 638 6291408 5468160
256949628 638 6291424 5468160
260065742 638 6291408 5468160
260123720 638 6291424 5468160
263185973 638 6291408 5468160
263243780 638 6291424 5468160
266247685 638 6291408 5468160
266306107 638 6291408 5468160
266368518 638 5242784 5468160
266425062 638 4194160 5468160
266481231 638 3145536 5468160
266537377 638 2096912 5468160
266593493 638 1048288 5468160
266649579 638 384 5468160
266651457 598 384 5468160
266668624 558 384 5468160
266669297 510 384 5468160
266685412 510 384 5468160
266686215 510 384 5468160
266686709 510 384 5468160
266687328 510 384 5468160
266687891 510 384 5468160
266688529 510 384 5468160
266688892 510 384 5468160
266789694 510 384 5472256
266792103 510 384 5476352
266797469 510 384 5480448
266805057 510 384 5484544
266828908 510 384 5488640
266833905 510 384 5484544
266901948 510 384 5488640
266926815 510 384 5484544
266927212 510 384 5480448
266927687 510 384 5476352
266989577 510 384 5472256
267015519 510 384 5476352
267042973 510 384 5472256
267043377 510 384 5468160
267043635 510 384 5464064
267043943 510 384 5459968
267103396 510 384 5455872
267119306 510 384 5459968
267179467 510 384 5464064
267220636 510 384 5468160
267251284 510 384 5472256
267304525 510 384 5468160
267305474 510 384 5464064
267305857 510 384 5459968
267306387 510 384 5455872
267351763 510 384 5451776
267352598 510 384 5447680
267353023 510 384 5443584
267353416 510 384 5439488
267353791 510 384 5435392
267354158 510 384 5431296
267354618 510 384 5427200
267354988 510 384 5423104
267355405 510 384 5419008
267355775 510 384 5414912
267356145 510 384 5410816
267356521 510 384 5406720
267357073 510 384 5402624
267357443 510 384 5398528
267358001 510 384 5394432
267358371 510 384 5390336
267358745 510 384 5386240
267359118 510 384 5382144
267359483 510 384 5378048
267359853 510 384 5373952
267360223 510 384 5369856
267360585 510 384 5365760
267360958 510 384 5361664
267361325 510 384 5357568
267361688 510 384 5353472
267362061 510 384 5349376
267362605 510 384 5345280
267367908 510 384 5341184
267368313 510 384 5337088
267368680 510 384 5332992
267369045 510 384 5328896
267369728 510 384 5324800
267370200 510 384 5320704
267370573 510 384 5316608
267370943 510 384 5312512
267371313 510 384 5308416
267371673 510 384 5304320
267372043 510 384 5300224
267372408 510 384 5296128
267372778 510 384 5292032
267373138 510 384 5287936
267373508 510 384 5283840
267373878 510 384 5279744
267374245 510 384 5275648
267374623 510 384 5271552
267374993 510 384 5267456
267375358 510 384 5263360
267375728 510 384 5259264
267376095 510 384 5255168
267376558 510 384 5251072
267376923 510 384 5246976
267377293 510 384 5242880
267377860 510 384 5238784
267378233 510 384 5234688
267378608 510 384 5230592
267378973 510 384 5226496
267379343 510 384 5222400
267379803 510 384 5218304
267380163 510 384 5214208
267380533 510 384 5210112
267384678 510 384 5206016
267385105 510 384 5201920
267385562 510 384 5197824
267385942 510 384 5193728
267386315 510 384 5189632
267386682 510 384 5185536
267421507 510 384 5181440
267422047 510 384 5177344
267422427 510 384 5173248
267422797 510 384 5169152
267423157 510 384 5165056
267423522 510 384 5160960
267423884 510 384 5156864
267424254 510 384 5152768
267424624 510 384 5148672
267424989 510 384 5144576
267425357 510 384 5140480
267425727 510 384 5136384
267426094 510 384 5132288
267426457 510 384 5128192
267426819 510 384 5124096
267427189 510 384 5120000
267427557 510 384 5115904
267427927 510 384 5111808
267428291 510 384 5107712
267428661 510 384 5103616
267429037 510 384 5099520
267429401 510 384 5095424
267429761 510 384 5091328
267430131 510 384 5087232
267430501 510 384 5083136
267434474 510 384 5079040
267434884 510 384 5074944
267435269 510 384 5070848
267435637 510 384 5066752
267436004 510 384 5062656
267436369 510 384 5058560
267436741 510 384 5054464
267437107 510 384 5050368
267437471 510 384 5046272
267437841 510 384 5042176
267438207 510 384 5038080
267438567 510 384 5033984
267438931 510 384 5029888
267439294 510 384 5025792
267439669 510 384 5021696
267440034 510 384 5017600
267440404 510 384 5013504
267440766 510 384 5009408
267441134 510 384 5005312
267441499 510 384 5001216
267441876 510 384 4997120
267442239 510 384 4993024
267442613 510 384 4988928
267442983 510 384 4984832
267443373 510 384 4980736
267443739 510 384 4976640
267444106 510 384 4972544
267444479 510 384 4968448
267444843 510 384 4964352
267445206 510 384 4960256
267445576 510 384 4956160
267449901 510 384 4952064
267450283 510 384 4947968
267450651 510 384 4943872
267451023 510 384 4939776
267451381 510 384 4935680
267451751 510 384 4931584
267452123 510 384 4927488
267452491 510 384 4923392
267452856 510 384 4919296
267453221 510 384 4915200
267453829 510 384 4911104
267456036 510 384 4907008
267456431 510 384 4902912
267456801 510 384 4898816
267457168 510 384 4894720
267457528 510 384 4890624
267457896 510 384 4886528
267458268 510 384 4882432
267458636 510 384 4878336
267459008 510 384 4874240
267459373 510 384 4870144
267459738 510 384 4866048
267460108 510 384 4861952
267460478 510 384 4857856
267460848 510 384 4853760
267461221 510 384 4849664
267461588 510 384 4845568
267461956 510 384 4841472
267462321 510 384 4837376
267462691 510 384 4833280
267463053 510 384 4829184
267467551 510 384 4825088
267467931 510 384 4820992
267468296 510 384 4816896
267468663 510 384 4812800
267469031 510 384 4808704
267469398 510 384 4804608
267469766 510 384 4800512
267470140 510 384 4796416
267470503 510 384 4792320
267470876 510 384 4788224
267471243 510 384 4784128
267471610 510 384 4780032
267471980 510 384 4775936
267472343 510 384 4771840
267472708 510 384 4767744
267473076 510 384 4763648
267473440 510 384 4759552
267473808 510 384 4755456
267474170 510 384 4751360
267474536 510 384 4747264
267474900 510 384 4743168
267475266 510 384 4739072
267475633 510 384 4734976
267475998 510 384 4730880
267476366 510 384 4726784
267476730 510 384 4722688
267477100 510 384 4718592
267477466 510 384 4714496
267477830 510 384 4710400
267478196 510 384 4706304
267478558 510 384 4702208
267483693 510 384 4698112
267484075 510 384 4694016
267484440 510 384 4689920
267484805 510 384 4685824
267485168 510 384 4681728
267485532 510 384 4677632
267485898 510 384 4673536
267486272 510 384 4669440
267486642 510 384 4665344
267487010 510 384 4661248
267487370 510 384 4657152
267487740 510 384 4653056
267488108 510 384 4648960
267488475 510 384 4644864
267488835 510 384 4640768
267489202 510 384 4636672
267489568 510 384 4632576
267489932 510 384 4628480
267490298 510 384 4624384
267490662 510 384 4620288
267491032 510 384 4616192
267491390 510 384 4612096
267491758 510 384 4608000
267492128 510 384 4603904
267492495 510 384 4599808
267492912 510 384 4595712
267493288 510 384 4591616
267493652 510 384 4587520
267494020 510 384 4583424
267494382 510 384 4579328
267494748 510 384 4575232
267498885 510 384 4571136
267499265 510 384 4567040
267499637 510 384 4562944
267500002 510 384 4558848
267500372 510 384 4554752
267500735 510 384 4550656
267501100 510 384 4546560
267501470 510 384 4542464
267501837 510 384 4538368
267502207 510 384 4534272
267502580 510 384 4530176
267502947 510 384 4526080
267503315 510 384 4521984
267503682 510 384 4517888
267504057 510 384 4513792
267504420 510 384 4509696
267504785 510 384 4505600
267505147 510 384 4501504
267505582 510 384 4497408
267505945 510 384 4493312
267506332 510 384 4489216
267506700 510 384 4485120
267507062 510 384 4481024
267507430 510 384 4476928
267507792 510 384 4472832
267508160 510 384 4468736
267508532 510 384 4464640
267508892 510 384 4460544
267509260 510 384 4456448
267509625 510 384 4452352
267509990 510 384 4448256
267514312 510 384 4444160
267514697 510 384 4440064
267515059 510 384 4435968
267515427 510 384 4431872
267515787 510 384 4427776
267516152 510 384 4423680
267516525 510 384 4419584
267516895 510 384 4415488
267517259 510 384 4411392
267517629 510 384 4407296
267517999 510 384 4403200
267518365 510 384 4399104
267518735 510 384 4395008
267519102 510 384 4390912
267519467 510 384 4386816
267519832 510 384 4382720
267520199 510 384 4378624
267520565 510 384 4374528
267520929 510 384 4370432
267521295 510 384 4366336
267521657 510 384 4362240
267522025 510 384 4358144
267522392 510 384 4354048
267522755 510 384 4349952
267523119 510 384 4345856
267523489 510 384 4341760
267523857 510 384 4337664
267524222 510 384 4333568
267524589 510 384 4329472
267524957 510 384 4325376
267525322 510 384 4321280
267529561 510 384 4317184
267529981 510 384 4313088
267530347 510 384 4308992
267530711 510 384 4304896
267531084 510 384 4300800
267531457 510 384 4296704
267531821 510 384 4292608
267532191 510 384 4288512
267532564 510 384 4284416
267532931 510 384 4280320
267533301 510 384 4276224
267533669 510 384 4272128
267534034 510 384 4268032
267534401 510 384 4263936
267534764 510 384 4259840
267535257 510 384 4255744
267535624 510 384 4251648
267535989 510 384 4247552
267536354 510 384 4243456
267536719 510 384 4239360
267537081 510 384 4235264
267537451 510 384 4231168
267537817 510 384 4227072
267538189 510 384 4222976
267538554 510 384 4218880
267538924 510 384 4214784
267539289 510 384 4210688
267539661 510 384 4206592
267540021 510 384 4202496
267540397 510 384 4198400
267540761 510 384 4194304
267545159 510 384 4190208
267545799 510 384 4186112
267546386 510 384 4182016
267546946 510 384 4177920
267547529 510 384 4173824
267548164 510 384 4169728
267548896 510 384 4165632
267549521 510 384 4161536
267550156 510 384 4157440
267550794 510 384 4153344
267551414 510 384 4149248
267552101 510 384 4145152
267552684 510 384 4141056
267553301 510 384 4136960
267553891 510 384 4132864
267554496 510 384 4128768
267555091 510 384 4124672
267555706 510 384 4120576
267556336 510 384 4116480
267556976 510 384 4112384
267557601 510 384 4108288
267558168 510 384 4104192
267558776 510 384 4100096
267559341 510 384 4096000
267559946 510 384 4091904
267560521 510 384 4087808
267561111 510 384 4083712
267561884 510 384 4079616
267562528 510 384 4075520
267563161 510 384 4071424
267563758 510 384 4067328
267570201 510 384 4063232
267570918 510 384 4059136
267580576 510 384 4055040
267580939 510 384 4050944
267581337 510 384 4046848
267581682 510 384 4042752
267582063 510 384 4038656
267582454 510 384 4034560
267582867 510 384 4030464
267583241 510 384 4026368
267583688 510 384 4022272
267584063 510 384 4018176
267584464 510 384 4014080
267584853 510 384 4009984
267585230 510 384 4005888
267585620 510 384 4001792
267586051 510 384 3997696
267586467 510 384 3993600
267586884 510 384 3989504
267587270 510 384 3985408
267587678 510 384 3981312
267588132 510 384 3977216
267588583 510 384 3973120
267589051 510 384 3969024
267589504 510 384 3964928
267589970 510 384 3960832
267590409 510 384 3956736
267590870 510 384 3952640
267591257 510 384 3948544
267591660 510 384 3944448
267592067 510 384 3940352
267596365 510 384 3936256
267596938 510 384 3932160
267597346 510 384 3928064
267597772 510 384 3923968
267598220 510 384 3919872
267598667 510 384 3915776
267599143 510 384 3911680
267599628 510 384 3907584
267600097 510 384 3903488
267600562 510 384 3899392
267600977 510 384 3895296
267601403 510 384 3891200
267601947 510 384 3887104
267602418 510 384 3883008
267602851 510 384 3878912
267603297 510 384 3874816
267603717 510 384 3870720
267604157 510 384 3866624
267604817 510 384 3862528
267605280 510 384 3858432
267605699 510 384 3854336
267606141 510 384 3850240
267606639 510 384 3846144
267607105 510 384 3842048
267607541 510 384 3837952
267607904 510 384 3833856
267608280 510 384 3829760
267608704 510 384 3825664
267609169 510 384 3821568
267609602 510 384 3817472
267610000 510 384 3813376
267613642 510 384 3809280
267613919 510 384 3805184
267614190 510 384 3801088
267614458 510 384 3796992
267614730 510 384 3792896
267614988 510 384 3788800
267615250 510 384 3784704
267615508 510 384 3780608
267615772 510 384 3776512
267616040 510 384 3772416
267616295 510 384 3768320
267616563 510 384 3764224
267616816 510 384 3760128
267617079 510 384 3756032
267617327 510 384 3751936
267617599 510 384 3747840
267617853 510 384 3743744
267618202 510 384 3739648
267618455 510 384 3735552
267618720 510 384 3731456
267618972 510 384 3727360
267619241 510 384 3723264
267619496 510 384 3719168
267619759 510 384 3715072
267620019 510 384 3710976
267620289 510 384 3706880
267620546 510 384 3702784
267620815 510 384 3698688
267621078 510 384 3694592
267621335 510 384 3690496
267621585 510 384 3686400
267634909 510 384 3682304
267635359 510 384 3678208
267635747 510 384 3674112
267636119 510 384 3670016
267636494 510 384 3665920
267636859 510 384 3661824
267637389 510 384 3657728
267637769 510 384 3653632
267638189 510 384 3649536
267638554 510 384 3645440
267638937 510 384 3641344
267639309 510 384 3637248
267639669 510 384 3633152
267640044 510 384 3629056
267640409 510 384 3624960
267640787 510 384 3620864
267641159 510 384 3616768
267641534 510 384 3612672
267641912 510 384 3608576
267642274 510 384 3604480
267642649 510 384 3600384
267643014 510 384 3596288
267643404 510 384 3592192
267643787 510 384 3588096
267644179 510 384 3584000
267644549 510 384 3579904
267644916 510 384 3575808
267645306 510 384 3571712
267645696 510 384 3567616
267646096 510 384 3563520
267646466 510 384 3559424
267650699 510 384 3555328
267651089 510 384 3551232
267651462 510 384 3547136
267651834 510 384 3543040
267652199 510 384 3538944
267652574 510 384 3534848
267652942 510 384 3530752
267653314 510 384 3526656
267653679 510 384 3522560
267654059 510 384 3518464
267654424 510 384 3514368
267654792 510 384 3510272
267696641 510 384 3506176
267697283 510 384 3502080
267697681 510 384 3497984
267698051 510 384 3493888
267698428 510 384 3489792
267698795 510 384 3485696
267699165 510 384 3481600
267699531 510 384 3477504
267699903 510 384 3473408
267700265 510 384 3469312
267700630 510 384 3465216
267700998 510 384 3461120
267701365 510 384 3457024
267701728 510 384 3452928
267706880 510 384 3448832
267707263 510 384 3444736
267707675 510 384 3440640
267708047 510 384 3436544
267708417 510 384 3432448
267708783 510 384 3428352
267709143 510 384 3424256
267709510 510 384 3420160
267709880 510 384 3416064
267710247 510 384 3411968
267710617 510 384 3407872
267710980 510 384 3403776
267711383 510 384 3399680
267711750 510 384 3395584
267712117 510 384 3391488
267712485 510 384 3387392
267712853 510 384 3383296
267713220 510 384 3379200
267713587 510 384 3375104
267713955 510 384 3371008
267714323 510 384 3366912
267714697 510 384 3362816
267715065 510 384 3358720
267715430 510 384 3354624
267715797 510 384 3350528
267716170 510 384 3346432
267716642 510 384 3342336
267717027 510 384 3338240
267717407 510 384 3334144
267717782 510 384 3330048
267718172 510 384 3325952
267722382 510 384 3321856
267722780 510 384 3317760
267723152 510 384 3313664
267723542 510 384 3309568
267723910 510 384 3305472
267724275 510 384 3301376
267724642 510 384 3297280
267725012 510 384 3293184
267725375 510 384 3289088
267725762 510 384 3284992
267726137 510 384 3280896
267726525 510 384 3276800
267726895 510 384 3272704
267727262 510 384 3268608
267727630 510 384 3264512
267727995 510 384 3260416
267728370 510 384 3256320
267728745 510 384 3252224
267729132 510 384 3248128
267729675 510 384 3244032
267730970 510 384 3239936
267731334 510 384 3235840
267731727 510 384 3231744
267732100 510 384 3227648
267732460 510 384 3223552
267732834 510 384 3219456
267733214 510 384 3215360
267733597 510 384 3211264
267733980 510 384 3207168
267734354 510 384 3203072
267734734 510 384 3198976
267738740 510 384 3194880
267739117 510 384 3190784
267739480 510 384 3186688
267739852 510 384 3182592
267740220 510 384 3178496
267740582 510 384 3174400
267740947 510 384 3170304
267741312 510 384 3166208
267741682 510 384 3162112
267742052 510 384 3158016
267742420 510 384 3153920
267742787 510 384 3149824
267743157 510 384 3145728
267743520 510 384 3141632
267743889 510 384 3137536
267744269 510 384 3133440
267744644 510 384 3129344
267745027 510 384 3125248
267745399 510 384 3121152
267745764 510 384 3117056
267746134 510 384 3112960
267746502 510 384 3108864
267746876 510 384 3104768
267747254 510 384 3100672
267747672 510 384 3096576
267748034 510 384 3092480
267748409 510 384 3088384
267748782 510 384 3084288
267749164 510 384 3080192
267749536 510 384 3076096
267749906 510 384 3072000
267754282 510 384 3067904
267754664 510 384 3063808
267755034 510 384 3059712
267755422 510 384 3055616
267755792 510 384 3051520
267756172 510 384 3047424
267756536 510 384 3043328
267756906 510 384 3039232
267757269 510 384 3035136
267757646 510 384 3031040
267758024 510 384 3026944
267758399 510 384 3022848
267758772 510 384 3018752
267759139 510 384 3014656
267759596 510 384 3010560
267759956 510 384 3006464
267760351 510 384 3002368
267760731 510 384 2998272
267761101 510 384 2994176
267761469 510 384 2990080
267761839 510 384 2985984
267762209 510 384 2981888
267762579 510 384 2977792
267762946 510 384 2973696
267763314 510 384 2969600
267763679 510 384 2965504
267764046 510 384 2961408
267764421 510 384 2957312
267764811 510 384 2953216
267765181 510 384 2949120
267765546 510 384 2945024
267765909 510 384 2940928
267766276 510 384 2936832
267766646 510 384 2932736
267767006 510 384 2928640
267767371 510 384 2924544
267767731 510 384 2920448
267768101 510 384 2916352
267768471 510 384 2912256
267768836 510 384 2908160
267769199 510 384 2904064
267769569 510 384 2899968
267769949 510 384 2895872
267770316 510 384 2891776
267770684 510 384 2887680
267774656 510 384 2883584
267775029 510 384 2879488
267775391 510 384 2875392
267775763 510 384 2871296
267776136 510 384 2867200
267776499 510 384 2863104
267776899 510 384 2859008
267777263 510 384 2854912
267777633 510 384 2850816
267777999 510 384 2846720
267778371 510 384 2842624
267778733 510 384 2838528
267779101 510 384 2834432
267779551 510 384 2830336
267779919 510 384 2826240
267780316 510 384 2822144
267780681 510 384 2818048
267781051 510 384 2813952
267781416 510 384 2809856
267781783 510 384 2805760
267782156 510 384 2801664
267782523 510 384 2797568
267782891 510 384 2793472
267783261 510 384 2789376
267783629 510 384 2785280
267783996 510 384 2781184
267784363 510 384 2777088
267784733 510 384 2772992
267785093 510 384 2768896
267785466 510 384 2764800
267785833 510 384 2760704
267788831 510 384 2756608
267789206 510 384 2752512
267789573 510 384 2748416
267789941 510 384 2744320
267790313 510 384 2740224
267790683 510 384 2736128
267791051 510 384 2732032
267791413 510 384 2727936
267791785 510 384 2723840
267792151 510 384 2719744
267792553 510 384 2715648
267792923 510 384 2711552
267793288 510 384 2707456
267793655 510 384 2703360
267794021 510 384 2699264
267794388 510 384 2695168
267794753 510 384 2691072
267795123 510 384 2686976
267795488 510 384 2682880
267795855 510 384 2678784
267796221 510 384 2674688
267796591 510 384 2670592
267796955 510 384 2666496
267797323 510 384 2662400
267797688 510 384 2658304
267798058 510 384 2654208
267798421 510 384 2650112
267798791 510 384 2646016
267799153 510 384 2641920
267799521 510 384 2637824
267799883 510 384 2633728
267804028 510 384 2629632
267804420 510 384 2625536
267804793 510 384 2621440
267805163 510 384 2617344
267805528 510 384 2613248
267805898 510 384 2609152
267806265 510 384 2605056
267806630 510 384 2600960
267807000 510 384 2596864
267807370 510 384 2592768
267807740 510 384 2588672
267808110 510 384 2584576
267808478 510 384 2580480
267808848 510 384 2576384
267809215 510 384 2572288
267809588 510 384 2568192
267809955 510 384 2564096
267810320 510 384 2560000
267810693 510 384 2555904
267811063 510 384 2551808
267811430 510 384 2547712
267811800 510 384 2543616
267812170 510 384 2539520
267812540 510 384 2535424
267812910 510 384 2531328
267813278 510 384 2527232
267813648 510 384 2523136
267814018 510 384 2519040
267814390 510 384 2514944
267814758 510 384 2510848
267815128 510 384 2506752
267819168 510 384 2502656
267819598 510 384 2498560
267819962 510 384 2494464
267820330 510 384 2490368
267820692 510 384 2486272
267821065 510 384 2482176
267821430 510 384 2478080
267821800 510 384 2473984
267822170 510 384 2469888
267822540 510 384 2465792
267822908 510 384 2461696
267823275 510 384 2457600
267823648 510 384 2453504
267824008 510 384 2449408
267824378 510 384 2445312
267824748 510 384 2441216
267825112 510 384 2437120
267825475 510 384 2433024
267825845 510 384 2428928
267826218 510 384 2424832
267826585 510 384 2420736
267826952 510 384 2416640
267827465 510 384 2412544
267827858 510 384 2408448
267828225 510 384 2404352
267828590 510 384 2400256
267828958 510 384 2396160
267829328 510 384 2392064
267829698 510 384 2387968
267830072 510 384 2383872
267830435 510 384 2379776
267834144 510 384 2375680
267834542 510 384 2371584
267834912 510 384 2367488
267835280 510 384 2363392
267835650 510 384 2359296
267836017 510 384 2355200
267836380 510 384 2351104
267836750 510 384 2347008
267837117 510 384 2342912
267837482 510 384 2338816
267837854 510 384 2334720
267838220 510 384 2330624
267838587 510 384 2326528
267838950 510 384 2322432
267839317 510 384 2318336
267839687 510 384 2314240
267840052 510 384 2310144
267840420 510 384 2306048
267840787 510 384 2301952
267841154 510 384 2297856
267841520 510 384 2293760
267841890 510 384 2289664
267842254 510 384 2285568
267842624 510 384 2281472
267843024 510 384 2277376
267843397 510 384 2273280
267843762 510 384 2269184
267844130 510 384 2265088
267844497 510 384 2260992
267844864 510 384 2256896
267845232 510 384 2252800
267848997 510 384 2248704
267849369 510 384 2244608
267849749 510 384 2240512
267850117 510 384 2236416
267850484 510 384 2232320
267850852 510 384 2228224
267851217 510 384 2224128
267851584 510 384 2220032
267851954 510 384 2215936
267852324 510 384 2211840
267852694 510 384 2207744
267853067 510 384 2203648
267853437 510 384 2199552
267853804 510 384 2195456
267854174 510 384 2191360
267854544 510 384 2187264
267854917 510 384 2183168
267855284 510 384 2179072
267855654 510 384 2174976
267856024 510 384 2170880
267856394 510 384 2166784
267856764 510 384 2162688
267857134 510 384 2158592
267857504 510 384 2154496
267857874 510 384 2150400
267858244 510 384 2146304
267858614 510 384 2142208
267858984 510 384 2138112
267859357 510 384 2134016
267859724 510 384 2129920
267860094 510 384 2125824
267862934 510 384 2121728
267863309 510 384 2117632
267863679 510 384 2113536
267864049 510 384 2109440
267864409 510 384 2105344
267864784 510 384 2101248
267865149 510 384 2097152
267865519 510 384 2093056
267865889 510 384 2088960
267866257 510 384 2084864
267866624 510 384 2080768
267866989 510 384 2076672
267867357 510 384 2072576
267867719 510 384 2068480
267868087 510 384 2064384
267868451 510 384 2060288
267868821 510 384 2056192
267869189 510 384 2052096
267869557 510 384 2048000
267869921 510 384 2043904
267870291 510 384 2039808
267870654 510 384 2035712
267871024 510 384 2031616
267871391 510 384 2027520
267871764 510 384 2023424
267872127 510 384 2019328
267872501 510 384 2015232
267872867 510 384 2011136
267873234 510 384 2007040
267873601 510 384 2002944
267873971 510 384 1998848
267876711 510 384 1994752
267877121 510 384 1990656
267877483 510 384 1986560
267877849 510 384 1982464
267878213 510 384 1978368
267878583 510 384 1974272
267878949 510 384 1970176
267879323 510 384 1966080
267879691 510 384 1961984
267880063 510 384 1957888
267880426 510 384 1953792
267880803 510 384 1949696
267881171 510 384 1945600
267881541 510 384 1941504
267881943 510 384 1937408
267882311 510 384 1933312
267882683 510 384 1929216
267883051 510 384 1925120
267883421 510 384 1921024
267883789 510 384 1916928
267884161 510 384 1912832
267884529 510 384 1908736
267884896 510 384 1904640
267885263 510 384 1900544
267885633 510 384 1896448
267886001 510 384 1892352
267886371 510 384 1888256
267886739 510 384 1884160
267887113 510 384 1880064
267887481 510 384 1875968
267887849 510 384 1871872
267890676 510 384 1867776
267891051 510 384 1863680
267891421 510 384 1859584
267891788 510 384 1855488
267892156 510 384 1851392
267892521 510 384 1847296
267892888 510 384 1843200
267893256 510 384 1839104
267893626 510 384 1835008
267893998 510 384 1830912
267894366 510 384 1826816
267894738 510 384 1822720
267895106 510 384 1818624
267895476 510 384 1814528
267895841 510 384 1810432
267896213 510 384 1806336
267896581 510 384 1802240
267896951 510 384 1798144
267897316 510 384 1794048
267897688 510 384 1789952
267898056 510 384 1785856
267898426 510 384 1781760
267898791 510 384 1777664
267899163 510 384 1773568
267899533 510 384 1769472
267899901 510 384 1765376
267900268 510 384 1761280
267900638 510 384 1757184
267901003 510 384 1753088
267901406 510 384 1748992
267901773 510 384 1744896
267904446 510 384 1740800
267904823 510 384 1736704
267905193 510 384 1732608
267905560 510 384 1728512
267905923 510 384 1724416
267906296 510 384 1720320
267906660 510 384 1716224
267907026 510 384 1712128
267907400 510 384 1708032
267907768 510 384 1703936
267908138 510 384 1699840
267908498 510 384 1695744
267908868 510 384 1691648
267909238 510 384 1687552
267909603 510 384 1683456
267909968 510 384 1679360
267910338 510 384 1675264
267910716 510 384 1671168
267911088 510 384 1667072
267911453 510 384 1662976
267911828 510 384 1658880
267912196 510 384 1654784
267912566 510 384 1650688
267912933 510 384 1646592
267913298 510 384 1642496
267913668 510 384 1638400
267914038 510 384 1634304
267914408 510 384 1630208
267914778 510 384 1626112
267915148 510 384 1622016
267915520 510 384 1617920
267918208 510 384 1613824
267918580 510 384 1609728
267918948 510 384 1605632
267919315 510 384 1601536
267919685 510 384 1597440
267920058 510 384 1593344
267920425 510 384 1589248
267920788 510 384 1585152
267921152 510 384 1581056
267921608 510 384 1576960
267922332 510 384 1572864
267922700 510 384 1568768
267923068 510 384 1564672
267923435 510 384 1560576
267923800 510 384 1556480
267924172 510 384 1552384
267924538 510 384 1548288
267924900 510 384 1544192
267925265 510 384 1540096
267925632 510 384 1536000
267926000 510 384 1531904
267926368 510 384 1527808
267926740 510 384 1523712
267927110 510 384 1519616
267927478 510 384 1515520
267927850 510 384 1511424
267928220 510 384 1507328
267928592 510 384 1503232
267928962 510 384 1499136
267929335 510 384 1495040
267929705 510 384 1490944
267932365 510 384 1486848
267932745 510 384 1482752
267933110 510 384 1478656
267933480 510 384 1474560
267933847 510 384 1470464
267934217 510 384 1466368
267934580 510 384 1462272
267934940 510 384 1458176
267935312 510 384 1454080
267935680 510 384 1449984
267936055 510 384 1445888
267936422 510 384 1441792
267936797 510 384 1437696
267937160 510 384 1433600
267937530 510 384 1429504
267937895 510 384 1425408
267938262 510 384 1421312
267971047 510 384 1417216
267971651 510 384 1413120
267972061 510 384 1409024
267972461 510 384 1404928
267972827 510 384 1400832
267973199 510 384 1396736
267973561 510 384 1392640
267973927 510 384 1388544
267974469 510 384 1384448
267974834 510 384 1380352
267975211 510 384 1376256
267975579 510 384 1372160
267975944 510 384 1368064
267976309 510 384 1363968
267979916 510 384 1359872
267980294 510 384 1355776
267980676 510 384 1351680
267981044 510 384 1347584
267981399 510 384 1343488
267981766 510 384 1339392
267982131 510 384 1335296
267982499 510 384 1331200
267982856 510 384 1327104
267983224 510 384 1323008
267983586 510 384 1318912
267983956 510 384 1314816
267984311 510 384 1310720
267984689 510 384 1306624
267985061 510 384 1302528
267985434 510 384 1298432
267985811 510 384 1294336
267986204 510 384 1290240
267986589 510 384 1286144
267986981 510 384 1282048
267987344 510 384 1277952
267987711 510 384 1273856
267988079 510 384 1269760
267988444 510 384 1265664
267988804 510 384 1261568
267989171 510 384 1257472
267989536 510 384 1253376
267989901 510 384 1249280
267990269 510 384 1245184
267990631 510 384 1241088
267990999 510 384 1236992
267994741 510 384 1232896
267995121 510 384 1228800
267995494 510 384 1224704
267995864 510 384 1220608
267996228 510 384 1216512
267996601 510 384 1212416
267996968 510 384 1208320
267997334 510 384 1204224
267997704 510 384 1200128
267998071 510 384 1196032
267998431 510 384 1191936
267998798 510 384 1187840
267999171 510 384 1183744
267999538 510 384 1179648
267999898 510 384 1175552
268000266 510 384 1171456
268000634 510 384 1167360
268001044 510 384 1163264
268001406 510 384 1159168
268001774 510 384 1155072
268002146 510 384 1150976
268002516 510 384 1146880
268002886 510 384 1142784
268003248 510 384 1138688
268003621 510 384 1134592
268003986 510 384 1130496
268004346 510 384 1126400
268004714 510 384 1122304
268005083 510 384 1118208
268005448 510 384 1114112
268005811 510 384 1110016
268009220 510 384 1105920
268009596 510 384 1101824
268009963 510 384 1097728
268010336 510 384 1093632
268010703 510 384 1089536
268011066 510 384 1085440
268011436 510 384 1081344
268011798 510 384 1077248
268012166 510 384 1073152
268012536 510 384 1069056
268012908 510 384 1064960
268013276 510 384 1060864
268013650 510 384 1056768
268014018 510 384 1052672
268014390 510 384 1048576
268014763 510 384 1044480
268015133 510 384 1040384
268015500 510 384 1036288
268015870 510 384 1032192
268016236 510 384 1028096
268016606 510 384 1024000
268016973 510 384 1019904
268017343 510 384 1015808
268017710 510 384 1011712
268018080 510 384 1007616
268018450 510 384 1003520
268018820 510 384 999424
268019188 510 384 995328
268019558 510 384 991232
268019926 510 384 987136
268020298 510 384 983040
268023125 510 384 978944
268023503 510 384 974848
268023868 510 384 970752
268024235 510 384 966656
268024608 510 384 962560
268024978 510 384 958464
268025345 510 384 954368
268025708 510 384 950272
268026080 510 384 946176
268026448 510 384 942080
268026813 510 384 937984
268027180 510 384 933888
268027550 510 384 929792
268027915 510 384 925696
268028283 510 384 921600
268028648 510 384 917504
268029010 510 384 913408
268029380 510 384 909312
268029743 510 384 905216
268030113 510 384 901120
268030478 510 384 897024
268030848 510 384 892928
268031213 510 384 888832
268031580 510 384 884736
268031945 510 384 880640
268032313 510 384 876544
268032678 510 384 872448
268033048 510 384 868352
268033410 510 384 864256
268033780 510 384 860160
268034143 510 384 856064
268037150 510 384 851968
268037523 510 384 847872
268037893 510 384 843776
268038263 510 384 839680
268038630 510 384 835584
268038995 510 384 831488
268039365 510 384 827392
268039735 510 384 823296
268040103 510 384 819200
268040473 510 384 815104
268040843 510 384 811008
268041213 510 384 806912
268041583 510 384 802816
268041983 510 384 798720
268042350 510 384 794624
268042723 510 384 790528
268043095 510 384 786432
268043465 510 384 782336
268043835 510 384 778240
268044205 510 384 774144
268044575 510 384 770048
268044945 510 384 765952
268045315 510 384 761856
268045685 510 384 757760
268046055 510 384 753664
268046427 510 384 749568
268046925 510 384 745472
268047293 510 384 741376
268047680 510 384 737280
268048047 510 384 733184
268048415 510 384 729088
268051132 510 384 724992
268051505 510 384 720896
268051875 510 384 716800
268052245 510 384 712704
268052605 510 384 708608
268052975 510 384 704512
268053337 510 384 700416
268053707 510 384 696320
268054069 510 384 692224
268054442 510 384 688128
268054807 510 384 684032
268055175 510 384 679936
268055535 510 384 675840
268055905 510 384 671744
268056272 510 384 667648
268056637 510 384 663552
268056997 510 384 659456
268057365 510 384 655360
268057729 510 384 651264
268058099 510 384 647168
268058462 510 384 643072
268058829 510 384 638976
268059197 510 384 634880
268059555 510 384 630784
268059922 510 384 626688
268060292 510 384 622592
268060657 510 384 618496
268061057 510 384 614400
268061425 510 384 610304
268061797 510 384 606208
268062165 510 384 602112
268065357 510 384 598016
268065734 510 384 593920
268066107 510 384 589824
268066474 510 384 585728
268066837 510 384 581632
268067209 510 384 577536
268067574 510 384 573440
268067942 510 384 569344
268068314 510 384 565248
268068679 510 384 561152
268069049 510 384 557056
268069412 510 384 552960
268069782 510 384 548864
268070142 510 384 544768
268070512 510 384 540672
268070874 510 384 536576
268071247 510 384 532480
268071609 510 384 528384
268071977 510 384 524288
268072342 510 384 520192
268072712 510 384 516096
268073077 510 384 512000
268073447 510 384 507904
268073812 510 384 503808
268074182 510 384 499712
268074547 510 384 495616
268074917 510 384 491520
268075284 510 384 487424
268075652 510 384 483328
268076019 510 384 479232
268076387 510 384 475136
268079037 510 384 471040
268079414 510 384 466944
268079779 510 384 462848
268080146 510 384 458752
268080512 510 384 454656
268080879 510 384 450560
268081246 510 384 446464
268081622 510 384 442368
268081984 510 384 438272
268082356 510 384 434176
268082724 510 384 430080
268083094 510 384 425984
268083464 510 384 421888
268083832 510 384 417792
268084194 510 384 413696
268084562 510 384 409600
268084926 510 384 405504
268085294 510 384 401408
268085662 510 384 397312
268086026 510 384 393216
268086389 510 384 389120
268086756 510 384 385024
268087124 510 384 380928
268087482 510 384 376832
268087854 510 384 372736
268088219 510 384 368640
268088589 510 384 364544
268088954 510 384 360448
268089319 510 384 356352
268089689 510 384 352256
268090054 510 384 348160
268092846 510 384 344064
268093224 510 384 339968
268093591 510 384 335872
268093964 510 384 331776
268094336 510 384 327680
268094719 510 384 323584
268095076 510 384 319488
268095446 510 384 315392
268095808 510 384 311296
268096174 510 384 307200
268096541 510 384 303104
268096906 510 384 299008
268097278 510 384 294912
268097638 510 384 290816
268098008 510 384 286720
268098374 510 384 282624
268098744 510 384 278528
268099108 510 384 274432
268099476 510 384 270336
268099848 510 384 266240
268100221 510 384 262144
268100586 510 384 258048
268100948 510 384 253952
268101316 510 384 249856
268101681 510 384 245760
268102044 510 384 241664
268102418 510 384 237568
268102796 510 384 233472
268103158 510 384 229376
268103528 510 384 225280
268103891 510 384 221184
268106431 510 384 217088
268106806 510 384 212992
268107178 510 384 208896
268107548 510 384 204800
268107918 510 384 200704
268108288 510 384 196608
268108658 510 384 192512
268109018 510 384 188416
268109386 510 384 184320
268109758 510 384 180224
268110128 510 384 176128
268110493 510 384 172032
268110863 510 384 167936
268111231 510 384 163840
268111638 510 384 159744
268112008 510 384 155648
268112381 510 384 151552
268112781 510 384 147456
268113143 510 384 143360
268113513 510 384 139264
268113881 510 384 135168
268118328 510 384 131072
268118708 510 384 126976
268119081 510 384 122880
268119451 510 384 118784
268119813 510 384 114688
268120181 510 384 110592
268120546 510 384 106496
268120908 510 384 102400
268121276 510 384 98304
268121648 510 384 94208
268122016 510 384 90112
268122381 510 384 86016
268122743 510 384 81920
268123103 510 384 77824
268123471 510 384 73728
268123841 510 384 69632
268124205 510 384 65536
268124575 510 384 61440
268124941 510 384 57344
268125303 510 384 53248
268125671 510 384 49152
268126041 510 384 45056
268126403 510 384 40960
268126771 510 384 36864
268127135 510 384 32768
268127503 510 384 28672
268127873 510 384 24576
268128245 510 384 20480
268128615 510 384 16384
268128983 510 384 12288
268129353 510 384 8192
268133365 510 384 4096
